ENSEMBL,logFC,P.Value
ENSG00000182810,-0.454388826,0.001213964
ENSG00000096060,-0.849231409,0.003321508
ENSG00000143195,-1.663235581,0.003461506
ENSG00000149418,-1.017651464,0.003922504
ENSG00000101447,-1.786315083,0.00401261
ENSG00000174721,0.842294234,0.004020571
ENSG00000203965,0.559907393,0.004981348
ENSG00000140854,-0.357577925,0.005487324
ENSG00000119673,0.666829794,0.005856816
ENSG00000167601,-1.046390982,0.006681237
ENSG00000187510,-1.52849564,0.007008194
ENSG00000185614,1.02369394,0.007079183
ENSG00000171503,-0.406312604,0.007538101
ENSG00000111962,0.542049909,0.008543705
ENSG00000147872,-0.48319561,0.009606661
ENSG00000056277,0.605692545,0.00970461
ENSG00000100433,-1.845973956,0.010684028
ENSG00000108556,-1.379403747,0.010727945
ENSG00000100802,-0.433322861,0.011778397
ENSG00000110090,-0.574434558,0.012319053
ENSG00000143674,0.708431425,0.01337636
ENSG00000102317,-0.379274489,0.015045375
ENSG00000196456,-0.664035551,0.015334534
ENSG00000240230,0.271704597,0.015776658
ENSG00000116922,0.411053671,0.016621508
ENSG00000155254,-0.762113452,0.016717729
ENSG00000183605,-0.596677641,0.017396516
ENSG00000127329,-1.311632228,0.017704861
ENSG00000121966,-0.552987072,0.018985482
ENSG00000174672,0.657595262,0.019072682
ENSG00000198585,-0.409406614,0.019301192
ENSG00000004799,-1.060446123,0.01985163
ENSG00000197653,-1.62682886,0.019918168
ENSG00000179094,-0.802103089,0.020291843
ENSG00000173269,1.008642407,0.020377371
ENSG00000187391,-1.734000958,0.020423096
ENSG00000112576,-0.302494221,0.021495902
ENSG00000103066,0.565206754,0.024161848
ENSG00000212123,-1.032974022,0.024502884
ENSG00000111057,-1.311073358,0.024523476
ENSG00000183801,1.061951806,0.024941767
ENSG00000105767,-0.831729547,0.024975136
ENSG00000138286,0.242658687,0.02574862
ENSG00000122025,-0.795928558,0.025856745
ENSG00000173531,0.510307825,0.026756099
ENSG00000276547,-1.419286271,0.027103642
ENSG00000277957,-2.347302216,0.027163942
ENSG00000080298,0.327501059,0.027558288
ENSG00000146955,-1.286709876,0.027788872
ENSG00000163312,0.376605999,0.027843909
ENSG00000166881,0.310076005,0.028210194
ENSG00000269313,-0.928639028,0.028424369
ENSG00000186081,-2.281077493,0.028443214
ENSG00000163702,-0.626606433,0.028477961
ENSG00000099958,-1.543307869,0.028727923
ENSG00000220201,0.877574438,0.028907551
ENSG00000175556,0.507494806,0.029137236
ENSG00000179588,-0.562754169,0.029175502
ENSG00000168209,-0.762313561,0.029485011
ENSG00000171953,-0.381268201,0.029572382
ENSG00000064115,0.258901512,0.029821638
ENSG00000168795,0.329994018,0.030314032
ENSG00000002745,0.777349751,0.030382326
ENSG00000175970,0.295760902,0.030864176
ENSG00000133131,0.605563721,0.030938636
ENSG00000148057,0.424726314,0.031856156
ENSG00000284024,0.251221957,0.031891917
ENSG00000137413,-0.21664353,0.032277442
ENSG00000123179,-0.511677865,0.032347406
ENSG00000232859,-0.443716768,0.032468736
ENSG00000178537,-0.413541319,0.032584849
ENSG00000186132,-0.688349226,0.032999462
ENSG00000171680,1.547685251,0.033941111
ENSG00000196826,-2.229899095,0.034412547
ENSG00000070669,-0.521632012,0.034501446
ENSG00000262209,-1.254769434,0.03451748
ENSG00000165209,0.466760329,0.034678457
ENSG00000260861,-1.652467435,0.035108631
ENSG00000188493,-0.750625991,0.035138379
ENSG00000204315,0.513952669,0.035437655
ENSG00000042317,0.703033553,0.035638227
ENSG00000099783,-0.235853245,0.035740172
ENSG00000169129,-0.531631917,0.037048246
ENSG00000170365,-0.867035137,0.037424063
ENSG00000167378,0.257814265,0.03756631
ENSG00000164306,0.390044957,0.037656006
ENSG00000105426,-0.845993112,0.037998537
ENSG00000159761,-0.641163502,0.038547488
ENSG00000104154,0.459615986,0.039347668
ENSG00000163913,-0.337560938,0.039458655
ENSG00000114439,0.222835433,0.039662681
ENSG00000148835,0.362872556,0.039818
ENSG00000282034,1.298335335,0.040022888
ENSG00000165355,-0.257203675,0.040218408
ENSG00000134061,0.583376824,0.040319706
ENSG00000275004,0.562408332,0.040916925
ENSG00000109272,-1.300439447,0.040919302
ENSG00000162882,-0.676338674,0.040941121
ENSG00000255330,1.723027135,0.041217006
ENSG00000203950,0.863955177,0.041339869
ENSG00000197858,-0.353108889,0.041597115
ENSG00000101846,-0.368799111,0.041974178
ENSG00000189292,0.937871061,0.042299259
ENSG00000100024,-1.071737398,0.042620149
ENSG00000188706,-0.572377765,0.04278427
ENSG00000099194,-0.665741453,0.043046691
ENSG00000150967,-1.159113348,0.043170386
ENSG00000131043,0.250118813,0.043480753
ENSG00000253797,0.375255191,0.044201174
ENSG00000198794,-0.93158612,0.045853108
ENSG00000166133,0.463168006,0.04611344
ENSG00000090565,0.40973232,0.046307064
ENSG00000186231,1.05350556,0.046355595
ENSG00000124145,-0.910645058,0.046654009
ENSG00000183258,-0.19508679,0.046816343
ENSG00000136874,0.243135844,0.047072368
ENSG00000123415,0.257618631,0.047133745
ENSG00000075391,0.850659602,0.047302338
ENSG00000175820,1.220239497,0.047305123
ENSG00000133121,-1.375420003,0.048017538
ENSG00000153879,0.312283653,0.048252717
ENSG00000130921,0.371074985,0.048779968
ENSG00000148690,0.346590087,0.048955833
ENSG00000168679,0.647452579,0.049119553
ENSG00000128656,1.059686503,0.049342974
ENSG00000124215,-0.790105273,0.049385703
ENSG00000102401,0.237013786,0.049490792
ENSG00000054148,-0.464213093,0.050075335
ENSG00000198205,0.368677669,0.050409922
ENSG00000116353,-0.545369776,0.050529334
ENSG00000011566,0.348361286,0.050718587
ENSG00000174428,0.335427428,0.051038397
ENSG00000181588,-0.529230419,0.051228474
ENSG00000095397,0.764569262,0.05126323
ENSG00000101057,-1.15351019,0.053199054
ENSG00000270170,-0.47336735,0.053304708
ENSG00000124766,-0.745350285,0.05365668
ENSG00000139131,0.319944634,0.053706728
ENSG00000081177,0.405345918,0.053722872
ENSG00000267534,0.516775911,0.054279806
ENSG00000143450,1.099821635,0.054325866
ENSG00000176890,-1.175497886,0.05463683
ENSG00000206384,0.451814813,0.054665018
ENSG00000122912,0.202142134,0.054885339
ENSG00000148481,0.300136377,0.055645072
ENSG00000275126,-0.722102208,0.055681191
ENSG00000177380,-0.889154632,0.055815277
ENSG00000135974,0.250815979,0.056080083
ENSG00000272410,0.423558762,0.056336695
ENSG00000284820,-1.070529659,0.056435618
ENSG00000137713,0.241079752,0.057014184
ENSG00000221994,0.546799294,0.058042947
ENSG00000010318,-0.432815164,0.058206925
ENSG00000230797,-0.909384795,0.058427723
ENSG00000205593,-0.496026396,0.058745151
ENSG00000079974,0.452300658,0.05900549
ENSG00000108106,-0.413213095,0.059123192
ENSG00000143127,1.019267512,0.059216099
ENSG00000196449,0.367071984,0.059318517
ENSG00000110717,-0.273635835,0.059329626
ENSG00000116120,-0.303669686,0.059986233
ENSG00000128805,0.622066626,0.060070652
ENSG00000151657,0.197905232,0.06013247
ENSG00000135913,0.276924554,0.060214684
ENSG00000254986,-0.291354837,0.060378874
ENSG00000141956,0.307681224,0.06068817
ENSG00000228570,1.353567897,0.060790017
ENSG00000124507,-1.04389565,0.061096776
ENSG00000100147,0.450540219,0.061503421
ENSG00000264324,2.054734043,0.061570207
ENSG00000267228,1.765440371,0.061588236
ENSG00000005102,1.47075107,0.061613226
ENSG00000088538,0.497060156,0.062293931
ENSG00000101544,0.186120161,0.062326115
ENSG00000142494,-1.401052493,0.062508048
ENSG00000239382,-0.361408168,0.062558072
ENSG00000260300,-0.867198949,0.06262284
ENSG00000182010,0.654807506,0.062671141
ENSG00000163093,0.748127896,0.06302053
ENSG00000158411,0.214650212,0.063333747
ENSG00000213918,0.215506808,0.06361709
ENSG00000151287,0.817769831,0.063625958
ENSG00000113758,-0.558912828,0.063986293
ENSG00000129521,-0.53303283,0.064195072
ENSG00000185621,0.398293207,0.064587797
ENSG00000035499,-0.845820096,0.064610309
ENSG00000213889,-0.616252714,0.064838032
ENSG00000114547,1.418299286,0.064985119
ENSG00000197915,0.875366845,0.064987688
ENSG00000160602,-0.446166666,0.065315402
ENSG00000087299,0.616118312,0.065588248
ENSG00000181004,0.498511641,0.066063224
ENSG00000121931,0.290389117,0.066299264
ENSG00000105711,-0.749275762,0.067074878
ENSG00000158747,1.24149986,0.067288265
ENSG00000140859,-0.627311766,0.0677464
ENSG00000156500,0.362221828,0.067824447
ENSG00000126062,-0.224930232,0.068293061
ENSG00000171150,0.232711377,0.068765097
ENSG00000143252,0.148714652,0.069248426
ENSG00000051180,-1.298158226,0.069470128
ENSG00000166860,0.265927508,0.070117625
ENSG00000115947,0.209942467,0.070207143
ENSG00000115474,0.488063731,0.070388518
ENSG00000088451,0.420649097,0.070506509
ENSG00000186687,0.328880149,0.071116575
ENSG00000187778,-0.223051307,0.071295781
ENSG00000253953,-0.864902653,0.071421379
ENSG00000169758,-0.653701672,0.071869596
ENSG00000181333,-0.818089389,0.072760036
ENSG00000165806,0.44315074,0.073109488
ENSG00000088881,-0.879765186,0.073196455
ENSG00000115109,0.402501708,0.073211405
ENSG00000186310,-0.925350313,0.073315733
ENSG00000167618,1.473589213,0.073446733
ENSG00000137656,0.189968824,0.073721077
ENSG00000152766,-1.101012948,0.073742308
ENSG00000136114,0.888942838,0.073768647
ENSG00000114107,0.506262411,0.073946883
ENSG00000172785,0.25668326,0.073958226
ENSG00000119685,0.298388263,0.074074025
ENSG00000134597,0.352782036,0.074074491
ENSG00000173567,0.655945672,0.074356931
ENSG00000244045,-0.199092645,0.074485503
ENSG00000175634,-0.205032257,0.07454364
ENSG00000063127,-0.73563733,0.074801938
ENSG00000172260,-0.625828219,0.075256647
ENSG00000182195,-1.212577516,0.07526416
ENSG00000130024,0.281955523,0.075479753
ENSG00000131848,-0.493712606,0.075708929
ENSG00000081181,0.637132324,0.075939962
ENSG00000122507,0.341402159,0.076234983
ENSG00000164983,0.250652181,0.076477045
ENSG00000155659,-0.579942558,0.07660168
ENSG00000167711,-0.947715415,0.076636884
ENSG00000173914,0.288989914,0.07665954
ENSG00000171132,0.284080749,0.076750883
ENSG00000161653,0.571273008,0.076754807
ENSG00000163875,0.263670738,0.077286681
ENSG00000144893,-0.565461848,0.07748496
ENSG00000106366,-1.22992965,0.077950752
ENSG00000004478,0.29685103,0.07800098
ENSG00000253846,-0.854260333,0.078176056
ENSG00000117419,-0.287985969,0.078372641
ENSG00000114395,-0.243695165,0.078637082
ENSG00000163946,0.207531658,0.078638528
ENSG00000129465,-0.196187997,0.078945227
ENSG00000087088,-0.244046519,0.079816357
ENSG00000117682,0.210222392,0.080326016
ENSG00000160049,0.265174748,0.080659602
ENSG00000143869,0.670784656,0.080753357
ENSG00000175395,0.350203395,0.080902655
ENSG00000051596,-0.297949362,0.080941193
ENSG00000205981,0.319797803,0.081573279
ENSG00000215529,-1.010246332,0.081615243
ENSG00000105699,0.460604686,0.081882606
ENSG00000103365,0.265708904,0.082023053
ENSG00000198551,0.309260407,0.082114303
ENSG00000033122,0.656669371,0.082370691
ENSG00000009335,0.151108896,0.082391472
ENSG00000271741,0.81035067,0.082583502
ENSG00000164953,0.586342623,0.083041202
ENSG00000179115,-0.298260948,0.083165612
ENSG00000159873,0.207299143,0.083239541
ENSG00000112742,-0.88263167,0.083301092
ENSG00000197798,0.240717264,0.083404275
ENSG00000262633,-0.847143492,0.083556445
ENSG00000127415,-0.481194372,0.083611563
ENSG00000124702,-0.192686549,0.083814035
ENSG00000134824,-0.689622655,0.083925685
ENSG00000181191,0.335259712,0.084128569
ENSG00000071539,-1.381684715,0.084238934
ENSG00000066923,-0.323633858,0.084423156
ENSG00000169313,-0.607130264,0.084764773
ENSG00000101079,0.195166921,0.084880724
ENSG00000188266,-1.2636464,0.085179349
ENSG00000109321,-1.987739344,0.08553705
ENSG00000085871,-0.497599534,0.085607179
ENSG00000067798,-1.014600718,0.085632471
ENSG00000120253,0.253970982,0.085679533
ENSG00000102543,0.257661491,0.085957534
ENSG00000283761,-0.535017053,0.086397556
ENSG00000204856,0.295262415,0.086790494
ENSG00000185189,-0.455570257,0.086809717
ENSG00000084073,-0.192927291,0.086825301
ENSG00000150054,0.273805391,0.086862672
ENSG00000165895,-0.518160095,0.086975379
ENSG00000284691,0.336430396,0.087221903
ENSG00000069956,0.226195739,0.087271735
ENSG00000157020,-0.184705239,0.087572013
ENSG00000178718,-0.573012379,0.087585265
ENSG00000215193,0.19252676,0.087596553
ENSG00000137106,0.226537602,0.087726952
ENSG00000178104,0.245298228,0.087756862
ENSG00000143921,-0.717032002,0.088313095
ENSG00000159423,-0.346126983,0.088498773
ENSG00000127483,0.155764797,0.088580257
ENSG00000285053,0.359157845,0.088837648
ENSG00000152422,-0.41885782,0.088890226
ENSG00000133639,-0.276581221,0.088916196
ENSG00000261308,0.513175715,0.089234447
ENSG00000160783,-0.257103211,0.089343888
ENSG00000166707,0.532840839,0.089484143
ENSG00000213160,0.915996063,0.090113006
ENSG00000175787,0.218434223,0.090572848
ENSG00000144476,0.744117372,0.091779475
ENSG00000155367,-1.213233966,0.091820374
ENSG00000138670,0.366836808,0.091876971
ENSG00000112357,-0.64860039,0.091913489
ENSG00000197283,0.424036131,0.092005723
ENSG00000108559,0.240965382,0.092050524
ENSG00000169429,-0.763246945,0.092095101
ENSG00000099622,-0.157132628,0.092644705
ENSG00000178623,-0.417106158,0.09265519
ENSG00000113296,-1.099923919,0.092908066
ENSG00000155850,0.293126617,0.092987922
ENSG00000102119,-0.223236815,0.093035285
ENSG00000161714,0.582858349,0.093285628
ENSG00000198746,0.279521974,0.093390694
ENSG00000174564,-0.705767359,0.093693443
ENSG00000134153,-0.230390757,0.094074366
ENSG00000163517,0.443130639,0.094104598
ENSG00000127578,-0.590288902,0.094213134
ENSG00000198964,0.189456116,0.094655749
ENSG00000141002,-0.209223176,0.095002503
ENSG00000185480,-0.536196353,0.095100753
ENSG00000159147,-0.351019253,0.095165849
ENSG00000068120,-0.222386427,0.095337817
ENSG00000118096,-0.358010199,0.095454258
ENSG00000167861,-0.951707614,0.095507719
ENSG00000166246,0.675138147,0.095637135
ENSG00000009790,0.232860982,0.095768741
ENSG00000167840,0.397817822,0.095784183
ENSG00000104497,0.407649654,0.09585567
ENSG00000163346,0.255340909,0.095918807
ENSG00000125498,-1.591485476,0.096135959
ENSG00000126895,-0.564821838,0.096154516
ENSG00000131470,-0.535157812,0.09635387
ENSG00000182107,-0.616164889,0.096469819
ENSG00000088356,0.380827255,0.096533952
ENSG00000105676,-0.234140442,0.096656008
ENSG00000157353,-0.285397682,0.096946007
ENSG00000117475,0.229802922,0.097197261
ENSG00000116962,-0.894360616,0.097357402
ENSG00000112782,0.674651886,0.09757727
ENSG00000261408,-0.546515248,0.097612001
ENSG00000170145,0.247700517,0.097632392
ENSG00000125967,-0.412043414,0.097760418
ENSG00000221829,0.417583094,0.098012902
ENSG00000102100,-0.312053621,0.098212331
ENSG00000259171,-1.850309199,0.098557642
ENSG00000277161,-0.362647862,0.09872608
ENSG00000284292,-2.223846383,0.098891916
ENSG00000205089,-0.77913036,0.099003638
ENSG00000121797,-0.376641852,0.099006303
ENSG00000134852,0.272424484,0.099257258
ENSG00000119899,0.203527144,0.099344007
ENSG00000274944,1.246485617,0.099598291
ENSG00000157833,-0.495753168,0.099642286
ENSG00000183690,0.572401386,0.099913178
ENSG00000226479,-0.315800638,0.100220545
ENSG00000165609,0.170299687,0.100880047
ENSG00000133627,0.31201446,0.101069555
ENSG00000213859,0.369785818,0.101079774
ENSG00000139343,0.438266259,0.101155586
ENSG00000157017,-0.536543103,0.101185856
ENSG00000181652,1.084818609,0.101387886
ENSG00000166762,0.546623009,0.101501473
ENSG00000024526,-1.384965465,0.101549553
ENSG00000173451,0.367985381,0.101835115
ENSG00000164077,0.253585542,0.101930547
ENSG00000100036,-0.544055221,0.101971677
ENSG00000099250,-0.832526481,0.102210534
ENSG00000170191,-0.475898512,0.10250091
ENSG00000139719,-0.13405441,0.10283721
ENSG00000134198,0.40903418,0.102883266
ENSG00000166347,0.355099975,0.102925723
ENSG00000213995,-0.223788012,0.103122923
ENSG00000164086,0.257875569,0.103146485
ENSG00000136141,0.263185809,0.103189399
ENSG00000183864,0.223080739,0.103192951
ENSG00000112874,0.943714786,0.103298147
ENSG00000119953,-0.211066567,0.103305119
ENSG00000197696,-0.841661017,0.103365228
ENSG00000143633,0.242329997,0.103542533
ENSG00000196199,0.161381279,0.103759481
ENSG00000074696,0.344648899,0.104041184
ENSG00000244187,-0.312182081,0.104509057
ENSG00000159164,0.651784697,0.104606022
ENSG00000178809,0.664072765,0.104777682
ENSG00000185950,-0.750413702,0.104786309
ENSG00000165028,-0.938174027,0.105285844
ENSG00000176108,0.240525949,0.105303705
ENSG00000177732,0.489050277,0.105423715
ENSG00000116198,0.201019352,0.105487424
ENSG00000284906,0.672816382,0.105555982
ENSG00000159713,0.647637633,0.105817276
ENSG00000167272,-0.293226841,0.105890281
ENSG00000155893,0.289652928,0.106172761
ENSG00000188033,0.252431484,0.106883007
ENSG00000170604,-0.25934964,0.10767085
ENSG00000263961,-0.824180635,0.107687765
ENSG00000084070,-0.531809221,0.107975497
ENSG00000115289,-0.282280286,0.108246368
ENSG00000104549,-0.41186903,0.108416953
ENSG00000106299,0.236000706,0.109495276
ENSG00000267120,0.709706365,0.10971633
ENSG00000087586,-0.41434397,0.109763826
ENSG00000107130,-0.789267214,0.109845822
ENSG00000130433,-0.98304931,0.110200743
ENSG00000169955,-0.247340438,0.110349774
ENSG00000166451,0.502716444,0.110431007
ENSG00000243056,-0.543579499,0.110496996
ENSG00000163359,-0.881824537,0.111093431
ENSG00000280670,-0.969504917,0.111127148
ENSG00000197265,0.234908709,0.1111583
ENSG00000173166,0.768610342,0.111182504
ENSG00000113838,0.270827607,0.111284966
ENSG00000180509,-0.653008149,0.111345088
ENSG00000138092,0.291299693,0.111413369
ENSG00000170482,0.640367788,0.111569397
ENSG00000261459,2.027330002,0.111672925
ENSG00000226174,0.807230828,0.111676267
ENSG00000131748,-0.182290222,0.111790074
ENSG00000196440,-0.528237601,0.111934688
ENSG00000184216,-0.187457499,0.111984578
ENSG00000130513,-0.930551393,0.112264482
ENSG00000125863,0.215316879,0.11235736
ENSG00000180011,0.253605382,0.11245765
ENSG00000151773,-0.749974069,0.112571029
ENSG00000117724,-0.527841332,0.112680506
ENSG00000125875,0.189352325,0.112872662
ENSG00000117090,0.457478979,0.11294328
ENSG00000092295,0.713714539,0.113089553
ENSG00000088325,-0.744905961,0.113222915
ENSG00000164038,-0.313595884,0.113257507
ENSG00000154188,-0.610826545,0.113374613
ENSG00000090470,0.24683045,0.11346625
ENSG00000088387,0.323968209,0.113522476
ENSG00000172339,-0.412861998,0.113750375
ENSG00000156171,0.200550402,0.113771648
ENSG00000172586,0.338042117,0.113772257
ENSG00000261934,-0.963760005,0.113859256
ENSG00000009413,0.207813837,0.113866326
ENSG00000204839,-0.671688124,0.11424413
ENSG00000143748,0.29075658,0.11426272
ENSG00000123178,0.417664205,0.114309302
ENSG00000157514,-0.465784374,0.114800016
ENSG00000119927,0.299604088,0.114854409
ENSG00000204070,0.178630199,0.11500724
ENSG00000139508,0.200511325,0.115451175
ENSG00000094841,0.264249862,0.11551048
ENSG00000105968,0.140310095,0.116098652
ENSG00000116396,0.45064009,0.116318289
ENSG00000248712,-0.948004044,0.116351465
ENSG00000163975,0.840065463,0.116366527
ENSG00000168071,-0.322976575,0.116572847
ENSG00000144036,0.351325294,0.116723229
ENSG00000136122,0.385177733,0.116786942
ENSG00000117411,-0.604909697,0.116800787
ENSG00000154764,1.096667573,0.116807274
ENSG00000100884,-0.842062928,0.116886796
ENSG00000128606,-0.851970945,0.117416221
ENSG00000145388,0.207828085,0.117443506
ENSG00000105499,0.904432813,0.117575923
ENSG00000081870,0.311136259,0.117604804
ENSG00000284952,1.538970345,0.117760089
ENSG00000182670,0.274616073,0.118008174
ENSG00000104687,-0.208301913,0.118328437
ENSG00000169291,-1.009769178,0.118782165
ENSG00000177599,1.214705104,0.118844707
ENSG00000170088,0.248529805,0.118952984
ENSG00000120693,0.415989373,0.119178379
ENSG00000133315,0.802844699,0.119355882
ENSG00000138078,0.2066383,0.119463905
ENSG00000152455,0.279029944,0.119852969
ENSG00000006625,0.4206381,0.119865071
ENSG00000188290,-1.268786079,0.12006368
ENSG00000008283,0.430431136,0.120658133
ENSG00000196581,-1.005951879,0.120900705
ENSG00000135503,-0.406229301,0.121137797
ENSG00000215784,-1.143582862,0.121357512
ENSG00000158286,0.614165949,0.121608717
ENSG00000112902,-0.893475233,0.121648976
ENSG00000112304,0.150512794,0.121720528
ENSG00000176894,0.616097471,0.121950965
ENSG00000125846,0.281937493,0.122078848
ENSG00000155542,-1.327276719,0.122121943
ENSG00000124193,-0.138462908,0.122127646
ENSG00000129422,-1.154143707,0.122153689
ENSG00000183309,0.177312972,0.122282486
ENSG00000137522,-0.291469387,0.12231597
ENSG00000160131,0.255991308,0.1223866
ENSG00000226288,-0.598896515,0.122684125
ENSG00000137094,-0.55457614,0.122796742
ENSG00000100601,0.267444202,0.123229448
ENSG00000100023,-0.178232165,0.123231897
ENSG00000101843,0.296875787,0.123290095
ENSG00000123836,-0.435604767,0.12331421
ENSG00000162643,-1.130720435,0.123321864
ENSG00000177483,-0.454638622,0.123487027
ENSG00000186812,0.168376873,0.123654009
ENSG00000110871,0.413202332,0.123803066
ENSG00000005108,-1.021301964,0.123851129
ENSG00000147138,0.37386661,0.124078912
ENSG00000128872,0.28166375,0.124265503
ENSG00000135541,0.507968572,0.12438097
ENSG00000102245,0.548805301,0.124695427
ENSG00000114383,-0.235779224,0.124741285
ENSG00000125611,-0.376211431,0.12494947
ENSG00000075711,0.231491256,0.124981265
ENSG00000001460,0.418166427,0.125295704
ENSG00000170004,0.214080779,0.125723883
ENSG00000127533,-0.656110338,0.125733999
ENSG00000101935,0.218731367,0.125878227
ENSG00000164610,0.437934826,0.126182153
ENSG00000140743,0.307485939,0.126262929
ENSG00000106479,0.224152485,0.126627802
ENSG00000066135,0.124590596,0.126850891
ENSG00000099282,-1.012613456,0.127009452
ENSG00000132010,-0.802581909,0.127043208
ENSG00000156603,0.301223888,0.127483367
ENSG00000091536,-0.998318886,0.127618263
ENSG00000160401,0.707723184,0.127676
ENSG00000187189,0.266263642,0.128193781
ENSG00000148291,0.395823736,0.128248625
ENSG00000224420,0.8417345,0.12852542
ENSG00000029993,-0.716421292,0.128587869
ENSG00000185798,0.31666194,0.128718227
ENSG00000186106,0.286904712,0.128729357
ENSG00000083544,0.270401749,0.128924078
ENSG00000243449,-0.815300235,0.129146593
ENSG00000105048,0.968669303,0.129286376
ENSG00000055130,0.246450509,0.129394873
ENSG00000169682,-0.24730511,0.129493667
ENSG00000283528,-1.586004883,0.129649658
ENSG00000196557,0.890452696,0.130044031
ENSG00000126214,0.194713456,0.130072648
ENSG00000138134,0.271711912,0.130152075
ENSG00000186026,-0.641549552,0.130173094
ENSG00000105784,0.565238542,0.130643119
ENSG00000243279,-0.435807548,0.130901157
ENSG00000159714,0.911835524,0.131395791
ENSG00000183814,0.426269576,0.131501583
ENSG00000125912,-0.208381257,0.131528554
ENSG00000284194,2.382285822,0.131644348
ENSG00000102780,0.370262588,0.131700812
ENSG00000131375,0.173887398,0.131927784
ENSG00000129535,-0.49927737,0.132100068
ENSG00000260314,0.754463535,0.132437506
ENSG00000158683,0.91441133,0.132479457
ENSG00000139329,-1.526937632,0.132480857
ENSG00000120519,0.276382301,0.132967902
ENSG00000170734,0.202739806,0.133362158
ENSG00000283580,0.595020642,0.133451246
ENSG00000243335,0.301288133,0.133582798
ENSG00000129159,0.478907703,0.133787934
ENSG00000154642,0.234125494,0.133838104
ENSG00000221869,-0.591068844,0.134067572
ENSG00000075218,-0.95096193,0.134077525
ENSG00000120833,0.464226055,0.134102862
ENSG00000197417,0.303035208,0.134282403
ENSG00000173585,-0.51425658,0.134462276
ENSG00000137764,0.291428224,0.134633409
ENSG00000184916,-1.321693444,0.13464923
ENSG00000142731,-0.515186542,0.134727292
ENSG00000089820,-0.20277567,0.134785721
ENSG00000119650,0.490902795,0.134798051
ENSG00000196110,0.222618163,0.134869182
ENSG00000119599,-0.332397109,0.134883673
ENSG00000139428,-0.334603392,0.134971132
ENSG00000115425,0.251100746,0.134980329
ENSG00000213420,-0.6965542,0.135464515
ENSG00000115904,0.247937664,0.135514387
ENSG00000144233,0.169686564,0.135538074
ENSG00000171502,-1.022564666,0.135590059
ENSG00000205808,-0.253158259,0.135614118
ENSG00000136158,0.627047143,0.136102264
ENSG00000160949,0.370694799,0.136481077
ENSG00000093167,0.157089787,0.136680536
ENSG00000139160,-0.360112526,0.136834076
ENSG00000167778,-0.196258447,0.136920186
ENSG00000109927,-0.829204771,0.1372252
ENSG00000143473,-0.934398257,0.137263223
ENSG00000175164,-0.845337786,0.13745597
ENSG00000156535,-0.673076884,0.137463896
ENSG00000106069,-0.281655069,0.137464664
ENSG00000180035,0.315698765,0.13800535
ENSG00000143630,0.760023637,0.138043628
ENSG00000140153,0.141560458,0.138618468
ENSG00000255274,-0.463795408,0.138970576
ENSG00000163170,0.630865215,0.139544189
ENSG00000258315,-0.217617461,0.139548836
ENSG00000166337,-0.131278003,0.139737923
ENSG00000168724,0.250279712,0.140232264
ENSG00000151065,0.276296835,0.140466796
ENSG00000206530,0.296027961,0.140546794
ENSG00000006534,-0.402765648,0.140727587
ENSG00000179071,-0.823297345,0.141012764
ENSG00000141497,-0.787518742,0.141319737
ENSG00000132535,-0.387082332,0.141386642
ENSG00000177239,-0.181462866,0.141387334
ENSG00000092096,-0.972835615,0.141522949
ENSG00000065054,0.836620932,0.141837443
ENSG00000163344,0.343352015,0.142247407
ENSG00000203812,-0.473433133,0.142253201
ENSG00000088726,-1.082561543,0.142272621
ENSG00000189007,-0.36899324,0.142444376
ENSG00000130598,-0.560969919,0.142466838
ENSG00000198546,0.251916481,0.14249279
ENSG00000161664,0.552917736,0.142520786
ENSG00000204086,0.488993908,0.142665472
ENSG00000166822,0.160538194,0.14276444
ENSG00000120694,0.292343632,0.142764916
ENSG00000163608,0.174580336,0.142927942
ENSG00000198824,0.273437018,0.142975826
ENSG00000179023,-1.427268124,0.143036458
ENSG00000111728,0.351320175,0.143310005
ENSG00000137393,-0.432663664,0.143318798
ENSG00000161542,0.248535093,0.143494499
ENSG00000150760,-0.548798557,0.14354745
ENSG00000091513,-0.632231414,0.143584833
ENSG00000101856,-0.431216274,0.143807983
ENSG00000168811,-1.026256148,0.14403193
ENSG00000088448,0.162865475,0.144052398
ENSG00000127191,0.25336313,0.144111386
ENSG00000171116,0.505575139,0.144134655
ENSG00000088766,0.266001462,0.144212099
ENSG00000075702,-0.496043297,0.144256033
ENSG00000285708,0.842283192,0.144577882
ENSG00000163166,0.136315592,0.144621737
ENSG00000133216,-0.901123932,0.144852726
ENSG00000204536,0.263939982,0.144954574
ENSG00000004139,0.271686762,0.145409989
ENSG00000134463,-0.775680573,0.14543045
ENSG00000185561,-0.839920778,0.145678268
ENSG00000187187,-0.320836821,0.145682789
ENSG00000122068,0.225497185,0.145751999
ENSG00000138443,0.259323271,0.145765584
ENSG00000172757,-0.190014359,0.145839096
ENSG00000100360,0.235433042,0.145878046
ENSG00000128228,-0.419943996,0.146107851
ENSG00000113615,-0.172683329,0.146129355
ENSG00000127311,0.218076053,0.146191518
ENSG00000164142,-0.843950823,0.146436489
ENSG00000183281,-0.542731556,0.146551577
ENSG00000261236,-0.218896876,0.146963148
ENSG00000102383,0.734455119,0.146992031
ENSG00000137571,-0.773348248,0.147043333
ENSG00000166963,-0.594101282,0.147068888
ENSG00000275793,0.586332363,0.147188177
ENSG00000170634,0.234020107,0.147410168
ENSG00000168710,-0.116628491,0.147949331
ENSG00000183475,0.163151006,0.148018577
ENSG00000163082,-0.579998958,0.14804122
ENSG00000243789,-0.361918549,0.148079804
ENSG00000142798,-0.763997746,0.148219099
ENSG00000164344,-0.776065054,0.148477518
ENSG00000131069,-0.351234502,0.148636881
ENSG00000165995,0.382398882,0.148693057
ENSG00000186409,0.316554403,0.148873932
ENSG00000141499,-0.238364908,0.149015568
ENSG00000248592,-0.479152106,0.149134081
ENSG00000184986,0.878985752,0.149211113
ENSG00000146066,-0.247967498,0.149504767
ENSG00000135069,-0.626673699,0.149509069
ENSG00000179388,-1.178731507,0.149592064
ENSG00000103196,-0.600650942,0.149746845
ENSG00000142444,0.207697151,0.149860845
ENSG00000188092,0.304760075,0.149880291
ENSG00000135547,0.887117755,0.149917961
ENSG00000160753,0.260279104,0.149997085
ENSG00000120925,0.222832452,0.150188354
ENSG00000131724,-0.47687498,0.150235887
ENSG00000180855,0.35766521,0.150285736
ENSG00000149182,-0.112841691,0.150311079
ENSG00000037897,-0.564003302,0.150312771
ENSG00000139211,0.30183429,0.150393244
ENSG00000104450,-0.359685682,0.150489139
ENSG00000148290,-0.243457568,0.150532015
ENSG00000133275,-0.219897078,0.150773449
ENSG00000185532,-0.971083304,0.150805715
ENSG00000105370,-1.116218568,0.150832773
ENSG00000169635,0.264683173,0.150853119
ENSG00000151725,0.881112887,0.151525461
ENSG00000145348,0.223196885,0.151548193
ENSG00000166527,-0.7219331,0.151589274
ENSG00000170417,0.43878148,0.151628458
ENSG00000109906,-0.560980099,0.151695529
ENSG00000165282,-0.278295203,0.152804874
ENSG00000078900,0.631810596,0.152967929
ENSG00000130997,0.44681565,0.153087756
ENSG00000180423,0.314431751,0.153248129
ENSG00000183401,-0.285515883,0.153338337
ENSG00000143198,0.315981944,0.153358959
ENSG00000101911,0.261697552,0.153659931
ENSG00000132185,0.65025624,0.153884226
ENSG00000152700,0.143276653,0.153912499
ENSG00000119004,0.213389308,0.153933657
ENSG00000181778,1.069329441,0.154077955
ENSG00000167985,0.162784104,0.15420652
ENSG00000161692,-0.43025852,0.154438402
ENSG00000184984,0.539501265,0.154616286
ENSG00000180773,-0.350856968,0.154691081
ENSG00000108100,-0.220277638,0.155122812
ENSG00000147180,0.657360022,0.155276069
ENSG00000163739,-0.650283386,0.155286472
ENSG00000149582,-0.604519125,0.155494676
ENSG00000111358,0.268829538,0.155606053
ENSG00000204147,0.501628508,0.156073694
ENSG00000234857,-0.407886968,0.156094089
ENSG00000103404,0.255923495,0.156111763
ENSG00000172638,-0.451716354,0.156384342
ENSG00000178935,-0.331395329,0.156457929
ENSG00000114416,0.148000869,0.156509366
ENSG00000160741,-0.303038283,0.15657053
ENSG00000008853,0.262675938,0.156781984
ENSG00000171757,0.416439273,0.156808765
ENSG00000184164,-0.279948009,0.156861595
ENSG00000171161,0.155746149,0.156872454
ENSG00000071127,-0.161011406,0.156922096
ENSG00000179409,0.205055217,0.157218699
ENSG00000113070,0.88398461,0.157536691
ENSG00000197147,0.230934498,0.157781928
ENSG00000221909,0.358898663,0.157941457
ENSG00000214367,0.222456624,0.158311846
ENSG00000131844,-0.172810921,0.158697946
ENSG00000103355,-1.03870022,0.158737819
ENSG00000152382,0.239465895,0.158972311
ENSG00000189077,-0.376458815,0.158996056
ENSG00000198728,-0.131219001,0.15908356
ENSG00000185271,-0.95869444,0.159232437
ENSG00000104866,0.278363227,0.159297788
ENSG00000183087,-0.442595333,0.159506569
ENSG00000100479,-0.481386285,0.159556014
ENSG00000169105,-0.267072478,0.159899474
ENSG00000110200,-0.27309907,0.160074774
ENSG00000101350,0.21431619,0.160152833
ENSG00000167112,-0.244647553,0.161141884
ENSG00000019144,-0.931485843,0.161200545
ENSG00000188921,0.170867566,0.161273701
ENSG00000131042,-0.401472203,0.161645266
ENSG00000137331,-0.503613101,0.161707596
ENSG00000128165,-1.026855787,0.1617868
ENSG00000115183,-0.421392342,0.161788296
ENSG00000197165,-0.999601789,0.162037895
ENSG00000196151,-0.295272963,0.162056252
ENSG00000100100,-0.259360111,0.162159352
ENSG00000179698,-0.499333977,0.162377909
ENSG00000130748,-0.604015744,0.162379645
ENSG00000204764,-0.658941624,0.162392097
ENSG00000046653,0.321717883,0.16245261
ENSG00000126247,-0.193596103,0.162644165
ENSG00000040608,0.518113626,0.163325826
ENSG00000174429,-0.548733028,0.163368947
ENSG00000183018,-0.491437724,0.163573695
ENSG00000165244,-0.241406513,0.16379026
ENSG00000101974,0.162890772,0.164063962
ENSG00000184305,0.491480808,0.164158948
ENSG00000144130,-1.057149356,0.164186246
ENSG00000175445,-0.857836302,0.164350833
ENSG00000105643,0.17141496,0.164521198
ENSG00000171320,-0.711958499,0.164587268
ENSG00000123124,0.218219006,0.164867081
ENSG00000121892,0.15793611,0.165051479
ENSG00000127399,0.28091387,0.16513801
ENSG00000182378,0.337494942,0.165181353
ENSG00000178460,0.448960084,0.165256504
ENSG00000099385,0.330750965,0.165627444
ENSG00000138448,0.250686821,0.16567315
ENSG00000071994,0.189595611,0.165805277
ENSG00000179915,1.115718413,0.165949271
ENSG00000171766,0.927082811,0.166028672
ENSG00000102897,0.255174767,0.166154189
ENSG00000173960,0.233298534,0.166206382
ENSG00000102554,-0.484393697,0.166248336
ENSG00000119457,-0.361912296,0.16631151
ENSG00000142920,-0.455363308,0.166314736
ENSG00000160678,-0.7419848,0.166424603
ENSG00000126947,0.783036483,0.166430055
ENSG00000120903,-0.306634599,0.166430464
ENSG00000178386,-0.802345925,0.166462572
ENSG00000197054,-0.365831389,0.166486154
ENSG00000184524,0.613511644,0.166538425
ENSG00000168476,0.249410582,0.166607788
ENSG00000072210,0.196321752,0.16667349
ENSG00000172171,0.27054063,0.166827626
ENSG00000228049,-0.375961776,0.166852812
ENSG00000170092,-0.599318322,0.166879563
ENSG00000214114,0.19520306,0.166982613
ENSG00000182584,0.438000735,0.167204318
ENSG00000101391,0.225680473,0.167379207
ENSG00000138180,1.059887374,0.167397955
ENSG00000063244,-0.133604358,0.167535109
ENSG00000172831,-0.167154578,0.16759218
ENSG00000167695,-0.499383238,0.16780507
ENSG00000140092,-0.605629276,0.167974543
ENSG00000167920,0.417412147,0.168036313
ENSG00000121753,-0.909813929,0.168226905
ENSG00000113319,0.477953289,0.168272942
ENSG00000172059,-0.249951059,0.168485906
ENSG00000281887,-2.365639999,0.168555562
ENSG00000131183,-1.351674918,0.168719232
ENSG00000172543,-0.466847829,0.169093627
ENSG00000149823,-0.202280499,0.169111781
ENSG00000137055,0.154073574,0.169126136
ENSG00000147316,0.229227295,0.169221858
ENSG00000147687,-0.339134116,0.169384445
ENSG00000100427,-0.487912998,0.169658546
ENSG00000089916,0.143326045,0.169818966
ENSG00000163833,-0.422466612,0.16993178
ENSG00000213337,0.235534074,0.169982155
ENSG00000179933,0.208980971,0.169993984
ENSG00000163866,0.143277608,0.170086092
ENSG00000109390,0.283459539,0.170181802
ENSG00000119640,0.402322127,0.170323459
ENSG00000107779,0.35698318,0.170395829
ENSG00000151422,0.292854093,0.170411373
ENSG00000154059,0.202791356,0.170412443
ENSG00000168268,-0.798708346,0.170479188
ENSG00000125434,-0.473319792,0.170590841
ENSG00000152457,0.155993118,0.17086125
ENSG00000146676,0.140914792,0.170890151
ENSG00000178538,-0.648654025,0.171420026
ENSG00000178115,1.625092772,0.171423997
ENSG00000047457,0.476899524,0.171469243
ENSG00000156170,0.32916889,0.171797106
ENSG00000264187,-1.624163985,0.171920515
ENSG00000178585,-0.191423955,0.172214619
ENSG00000166780,-0.508431253,0.172235797
ENSG00000183340,0.292523827,0.17248785
ENSG00000120370,-0.293609618,0.172553349
ENSG00000175895,0.256559231,0.172654771
ENSG00000121577,-0.489838489,0.172892912
ENSG00000149346,0.196951162,0.173027454
ENSG00000139546,0.235026099,0.173133363
ENSG00000072954,-0.461815867,0.173347556
ENSG00000158711,0.213058974,0.17352569
ENSG00000141858,0.308118849,0.17360008
ENSG00000132763,-0.304952966,0.173793981
ENSG00000167525,0.333942845,0.173840528
ENSG00000183337,0.240466005,0.173856624
ENSG00000104823,-0.207666016,0.173936701
ENSG00000053900,0.183036305,0.174034735
ENSG00000042088,0.207193203,0.174183548
ENSG00000165704,0.378028807,0.17420405
ENSG00000120129,-0.479452321,0.1742549
ENSG00000183828,-0.472652724,0.174289028
ENSG00000185482,0.391342102,0.174317015
ENSG00000174013,0.190900773,0.174534863
ENSG00000172244,0.368449323,0.174698717
ENSG00000149089,0.335487637,0.174880434
ENSG00000165476,0.203966573,0.174906581
ENSG00000186049,-1.563560496,0.175429438
ENSG00000163558,0.209104487,0.175527472
ENSG00000117983,-0.905806711,0.175572769
ENSG00000144034,0.386404749,0.175682074
ENSG00000175104,0.128245577,0.175780153
ENSG00000112078,-0.199927272,0.175920693
ENSG00000118690,0.30974302,0.176233868
ENSG00000077092,0.378898255,0.176239616
ENSG00000088543,0.355232256,0.176334324
ENSG00000118307,-0.957113345,0.176341852
ENSG00000224389,1.050029498,0.176823222
ENSG00000283782,0.930707136,0.176895169
ENSG00000188277,0.32156102,0.177025192
ENSG00000140374,-0.188030698,0.177056236
ENSG00000140365,-0.231942945,0.177120406
ENSG00000153162,-0.539602997,0.17723381
ENSG00000154839,-0.669349623,0.177305248
ENSG00000255639,-1.393288223,0.177415099
ENSG00000183628,-0.696514099,0.17762616
ENSG00000156853,-0.180721883,0.177651439
ENSG00000114904,0.139579708,0.177827915
ENSG00000115137,0.232382884,0.178250815
ENSG00000170270,0.500944742,0.178257336
ENSG00000161921,-0.464247844,0.178374735
ENSG00000102879,-0.194767651,0.178533947
ENSG00000129007,0.377758765,0.17894595
ENSG00000106976,-0.54296046,0.17909227
ENSG00000143457,0.227555338,0.179107205
ENSG00000131459,-1.383953988,0.179128241
ENSG00000110876,-0.245464625,0.179168831
ENSG00000144579,-0.144556113,0.179604962
ENSG00000127125,-0.184102641,0.179629032
ENSG00000151704,-0.56664044,0.17999684
ENSG00000147364,0.209519727,0.180423316
ENSG00000086827,-0.219100166,0.180445289
ENSG00000135253,-1.002087657,0.180791838
ENSG00000065809,0.161891673,0.180856753
ENSG00000243943,0.202522941,0.180910371
ENSG00000104290,0.341166433,0.181005543
ENSG00000052344,-0.654253149,0.181162407
ENSG00000152229,-0.236479271,0.181289348
ENSG00000161958,0.848651388,0.181376554
ENSG00000228716,-0.269287535,0.181486497
ENSG00000257727,-0.254998998,0.181503377
ENSG00000065665,0.255273165,0.181538465
ENSG00000008256,0.383394451,0.181625899
ENSG00000143147,0.406562127,0.181877563
ENSG00000082512,0.233193518,0.182206086
ENSG00000129810,0.316776242,0.182275498
ENSG00000129194,-0.651409099,0.182605781
ENSG00000118620,0.184097076,0.182628067
ENSG00000092758,-0.741234215,0.182646782
ENSG00000163611,0.220403613,0.183251994
ENSG00000111886,0.766961675,0.183353168
ENSG00000149571,-0.779538441,0.183455209
ENSG00000125650,0.294824723,0.183533188
ENSG00000156738,0.436913702,0.183774504
ENSG00000198520,-0.382098942,0.18387549
ENSG00000241258,-0.148413741,0.184098816
ENSG00000262621,1.637392126,0.184193056
ENSG00000135424,0.928236062,0.184227628
ENSG00000167393,0.300892246,0.184488659
ENSG00000143257,0.964823783,0.184533499
ENSG00000162415,0.4418895,0.184536526
ENSG00000277203,-0.401194102,0.1847398
ENSG00000156265,-0.415951948,0.185290694
ENSG00000074416,-0.47668161,0.185404501
ENSG00000104177,0.346039506,0.185483597
ENSG00000103067,0.402343307,0.185525932
ENSG00000168672,0.445899953,0.185565439
ENSG00000188191,-0.460243409,0.185669211
ENSG00000109084,-0.347343899,0.185919183
ENSG00000196865,0.220374472,0.186133349
ENSG00000259494,0.255107691,0.186225618
ENSG00000198130,0.206284539,0.186229719
ENSG00000134744,0.224518146,0.186762011
ENSG00000164597,0.203248846,0.186952639
ENSG00000149016,0.204084828,0.187022229
ENSG00000111752,0.265323633,0.1870513
ENSG00000188021,0.162826743,0.187192497
ENSG00000109452,0.316664034,0.187338277
ENSG00000164074,0.149031422,0.187437865
ENSG00000205269,-0.305552326,0.187438436
ENSG00000143502,0.706673524,0.187516902
ENSG00000096717,0.167308417,0.187753675
ENSG00000103995,-0.231719079,0.187903357
ENSG00000166548,-0.322279872,0.187928519
ENSG00000186951,0.242620395,0.187977704
ENSG00000083099,0.284698519,0.188011811
ENSG00000177946,0.268885501,0.188103156
ENSG00000235169,-0.888255099,0.18826254
ENSG00000110042,-0.380270149,0.188533016
ENSG00000222009,-0.63168476,0.188599998
ENSG00000184220,-0.355398462,0.188762914
ENSG00000198919,0.245541248,0.188829961
ENSG00000117834,-0.648934134,0.18892038
ENSG00000137073,-0.242447071,0.189104725
ENSG00000159674,-0.509975453,0.189327009
ENSG00000163930,-0.161796851,0.189377756
ENSG00000114554,0.350478031,0.189700916
ENSG00000051523,-0.171667756,0.189715542
ENSG00000151923,0.224328698,0.18976052
ENSG00000100298,0.834025796,0.189773941
ENSG00000160185,0.313041677,0.189884723
ENSG00000198722,0.556708237,0.189960164
ENSG00000275221,-0.675207001,0.190069029
ENSG00000015153,0.162235544,0.190259112
ENSG00000166821,0.542655054,0.190327035
ENSG00000081026,0.424131129,0.190411589
ENSG00000140398,-0.426477694,0.190622516
ENSG00000138758,0.212270544,0.191043486
ENSG00000168234,0.192811357,0.191138999
ENSG00000050748,0.187076974,0.191148151
ENSG00000148600,-0.637331692,0.191161829
ENSG00000111224,0.207254575,0.191163171
ENSG00000174483,0.263510612,0.191586158
ENSG00000130304,-0.2613976,0.191601041
ENSG00000086506,-0.669145656,0.191682884
ENSG00000133612,0.215278381,0.191803155
ENSG00000141759,-0.139417942,0.191867313
ENSG00000100722,0.184917141,0.191878656
ENSG00000132153,-0.176787988,0.191957554
ENSG00000136541,-0.321334935,0.192157263
ENSG00000091732,0.311655858,0.192204537
ENSG00000253293,-0.940977821,0.192337851
ENSG00000197008,0.35917715,0.19235037
ENSG00000167914,-1.638573465,0.192586187
ENSG00000147044,0.231206379,0.192630296
ENSG00000144426,0.197007547,0.192812715
ENSG00000184967,-0.269977347,0.193092874
ENSG00000162373,0.913477051,0.193149944
ENSG00000167608,-0.555712801,0.193453843
ENSG00000106346,-0.18087598,0.193517307
ENSG00000163528,-0.290092112,0.193913531
ENSG00000153006,0.229520079,0.193924433
ENSG00000151882,0.397215015,0.194032184
ENSG00000221866,-0.634582587,0.194188218
ENSG00000115825,0.134564372,0.194228753
ENSG00000134986,-0.370795516,0.194310749
ENSG00000154640,0.378055782,0.194656301
ENSG00000143079,0.364107591,0.194811892
ENSG00000155115,-0.286291189,0.194956988
ENSG00000215305,-0.123617013,0.194976219
ENSG00000067369,0.166682358,0.195126602
ENSG00000248919,-1.593164856,0.195126952
ENSG00000167774,-1.28770378,0.195152012
ENSG00000104432,0.650263333,0.195251505
ENSG00000033100,-0.156206672,0.195263876
ENSG00000078902,-0.260661498,0.195329005
ENSG00000213949,0.656047918,0.19545145
ENSG00000147996,0.425026472,0.195557583
ENSG00000101194,-0.445994995,0.195584864
ENSG00000013016,-0.375945912,0.195873187
ENSG00000172273,-0.161874863,0.195891607
ENSG00000113360,0.256582842,0.195926007
ENSG00000197070,-0.175419474,0.196108223
ENSG00000137992,0.180705439,0.196259549
ENSG00000188677,-0.414313889,0.19634336
ENSG00000169951,0.218388853,0.196387034
ENSG00000085491,0.170611042,0.196474632
ENSG00000117020,0.225178835,0.19648827
ENSG00000137462,-0.465115283,0.196544591
ENSG00000179029,0.265290697,0.196642286
ENSG00000140262,0.197194902,0.196672458
ENSG00000157110,0.252177891,0.19673146
ENSG00000100395,-0.147388743,0.196750962
ENSG00000115486,0.190646637,0.196768554
ENSG00000129933,-0.216199376,0.196795526
ENSG00000159658,0.139043081,0.196949184
ENSG00000131187,-0.765151502,0.197129066
ENSG00000162772,0.57097793,0.197133683
ENSG00000160255,-0.202321609,0.197164528
ENSG00000243696,-0.42635347,0.197226183
ENSG00000215440,-0.288143145,0.197356066
ENSG00000178342,-0.594496454,0.197366783
ENSG00000205560,0.397945628,0.197407319
ENSG00000143228,-0.65502814,0.197702819
ENSG00000133740,0.269109505,0.197768135
ENSG00000060140,-0.727694115,0.19788686
ENSG00000020256,0.237610136,0.197917795
ENSG00000163606,0.330052667,0.197929274
ENSG00000164180,0.247884089,0.197965708
ENSG00000140025,0.355073304,0.197994215
ENSG00000164106,-0.39876539,0.198039269
ENSG00000174373,0.213543989,0.19806447
ENSG00000105771,-0.178943593,0.198162692
ENSG00000108960,-0.407447279,0.198337628
ENSG00000169131,-0.320497598,0.198455169
ENSG00000107833,0.585864727,0.198551041
ENSG00000079215,-0.474568047,0.199161732
ENSG00000104825,-0.198782337,0.199236614
ENSG00000198178,-0.88203681,0.199422924
ENSG00000122417,0.255065998,0.199805071
ENSG00000102241,0.264668259,0.200233041
ENSG00000187325,0.201919049,0.200259424
ENSG00000164051,0.395303179,0.200425981
ENSG00000124613,0.61738836,0.200459515
ENSG00000107951,0.210022421,0.200763261
ENSG00000123473,-0.500948651,0.200880981
ENSG00000186868,0.386559123,0.201250649
ENSG00000105755,0.283305536,0.20139628
ENSG00000162572,-0.578194199,0.201473469
ENSG00000130164,-0.373659652,0.201857233
ENSG00000179241,-0.399104104,0.201857761
ENSG00000163376,0.328232189,0.201860052
ENSG00000253767,-0.737246089,0.202101577
ENSG00000198855,-0.211615057,0.202261601
ENSG00000049656,-0.135989837,0.202347367
ENSG00000164088,-0.147107237,0.202415357
ENSG00000186654,-0.293351048,0.202532319
ENSG00000185088,0.364486982,0.20283672
ENSG00000161267,0.249943586,0.202893804
ENSG00000133983,-0.367727145,0.203047297
ENSG00000124228,-0.157335564,0.203118379
ENSG00000185220,0.208278672,0.203142287
ENSG00000185049,0.180769968,0.203155089
ENSG00000105708,0.307971712,0.203271861
ENSG00000130529,-0.890064071,0.203276456
ENSG00000168228,0.269579197,0.203332539
ENSG00000115590,-0.704460749,0.203405596
ENSG00000099817,-0.172804099,0.203521709
ENSG00000105971,-0.898394919,0.203630164
ENSG00000197647,0.634846904,0.203693276
ENSG00000160211,-0.266776089,0.203970743
ENSG00000092470,0.340023051,0.204039745
ENSG00000124383,0.275368304,0.204260382
ENSG00000107829,-0.225148154,0.204346205
ENSG00000175414,0.423732006,0.204367417
ENSG00000085644,-0.270488555,0.204487794
ENSG00000204852,0.356482295,0.204527455
ENSG00000159445,0.299118242,0.20461192
ENSG00000187260,0.380330125,0.204648933
ENSG00000163520,0.679638874,0.205116413
ENSG00000163703,0.217659931,0.205338476
ENSG00000181027,0.210207663,0.205341682
ENSG00000171943,0.231906313,0.205923287
ENSG00000149187,0.136302103,0.205965257
ENSG00000122224,0.228587141,0.206044548
ENSG00000135686,0.141662837,0.206117008
ENSG00000095066,0.331676558,0.206207843
ENSG00000121316,-0.405519707,0.206272103
ENSG00000106258,-0.296644524,0.20633721
ENSG00000147394,-0.35840995,0.206599157
ENSG00000011260,0.202623959,0.206740425
ENSG00000130770,0.175173455,0.20674962
ENSG00000129204,0.438348136,0.206790965
ENSG00000100280,-0.143874412,0.207033686
ENSG00000061676,-0.317844631,0.207091576
ENSG00000160404,-0.200587447,0.207149711
ENSG00000170142,0.214755031,0.207300239
ENSG00000189233,0.580510773,0.207309241
ENSG00000176273,-0.361760282,0.207578192
ENSG00000108786,0.212669413,0.207601174
ENSG00000177731,-0.181215997,0.207623067
ENSG00000144451,0.438357733,0.207652809
ENSG00000179091,-0.186812581,0.207713073
ENSG00000064601,-0.312764743,0.207784858
ENSG00000136643,0.186712106,0.207786909
ENSG00000120656,-0.197171655,0.207799956
ENSG00000117899,0.196412167,0.207898745
ENSG00000249459,-0.338624661,0.207912256
ENSG00000258429,0.674571754,0.207932731
ENSG00000205277,-0.986020604,0.207973402
ENSG00000117322,0.523324693,0.208180588
ENSG00000002587,-0.498403435,0.208245655
ENSG00000103051,0.148601228,0.208257866
ENSG00000185689,-0.59634037,0.208465631
ENSG00000101213,-0.489289207,0.208493924
ENSG00000158019,0.134218213,0.20852275
ENSG00000129911,-0.317400715,0.20891905
ENSG00000117399,-1.105485555,0.209017039
ENSG00000151413,-0.236324563,0.209085348
ENSG00000137700,0.247277217,0.209149705
ENSG00000067113,0.446783232,0.209150049
ENSG00000163755,0.162323831,0.209197665
ENSG00000144736,0.22779762,0.209328288
ENSG00000100263,-0.27466806,0.209406294
ENSG00000109685,0.203094028,0.209656249
ENSG00000109107,-0.267481392,0.209661527
ENSG00000112984,-0.97600793,0.209997115
ENSG00000173163,-0.257420703,0.210643133
ENSG00000108578,0.202827213,0.210720824
ENSG00000113140,-0.632842414,0.210750228
ENSG00000100142,0.240539044,0.211010203
ENSG00000096092,0.633975866,0.211098936
ENSG00000153933,0.244819186,0.211334327
ENSG00000004961,0.232662256,0.211432671
ENSG00000026036,-0.38394366,0.211771793
ENSG00000119906,0.159421815,0.211843887
ENSG00000125730,-0.725245308,0.212102495
ENSG00000273173,-0.439372823,0.212287152
ENSG00000151332,0.25393442,0.212433098
ENSG00000164776,-0.505995488,0.212452389
ENSG00000146250,1.374903692,0.212456315
ENSG00000100362,-1.008406789,0.212579597
ENSG00000141013,0.358053735,0.212634924
ENSG00000164347,-0.223306918,0.212656253
ENSG00000173867,-1.139622699,0.212660288
ENSG00000235109,0.407842054,0.212710245
ENSG00000203760,-0.768852376,0.212783459
ENSG00000148288,-0.368240524,0.212840219
ENSG00000244242,-0.925207794,0.21317963
ENSG00000167397,-0.205364481,0.213246025
ENSG00000115942,0.15196263,0.213290395
ENSG00000165169,0.348650169,0.213429783
ENSG00000171992,0.585912447,0.213441866
ENSG00000134330,0.177017764,0.21384885
ENSG00000140750,0.294303761,0.213862614
ENSG00000278662,0.745993205,0.213892392
ENSG00000180891,-0.359434281,0.213958111
ENSG00000196081,0.463846853,0.214154748
ENSG00000164850,-0.600210444,0.214208517
ENSG00000147065,-0.162923322,0.214397331
ENSG00000131446,-0.154177761,0.214604475
ENSG00000140009,0.385439878,0.214619293
ENSG00000167972,0.391431725,0.214974653
ENSG00000166471,-0.150077029,0.215044335
ENSG00000250317,0.369993003,0.215119574
ENSG00000063322,-0.120351235,0.215141589
ENSG00000132382,-0.217500303,0.215270235
ENSG00000182108,0.205201386,0.215364185
ENSG00000128739,0.192291699,0.215412282
ENSG00000114786,1.162531738,0.215494195
ENSG00000135336,-0.211532453,0.215844786
ENSG00000123975,0.587749414,0.215927287
ENSG00000077152,-0.818677322,0.215962661
ENSG00000134057,-0.571349365,0.216001239
ENSG00000176476,0.226432986,0.21606504
ENSG00000196655,0.159936574,0.216086728
ENSG00000197837,0.22821144,0.216230823
ENSG00000136002,-0.484985875,0.216307373
ENSG00000135722,-0.361853123,0.216422954
ENSG00000198743,0.23309604,0.216460687
ENSG00000255073,1.902776444,0.216635993
ENSG00000088727,0.472964538,0.216808067
ENSG00000108469,-0.161175722,0.217228452
ENSG00000108666,0.301490504,0.217244388
ENSG00000117262,0.223625848,0.217381269
ENSG00000156510,-0.941950128,0.217414016
ENSG00000188215,0.162476639,0.217432311
ENSG00000165632,0.21200023,0.217445272
ENSG00000203872,-0.362081454,0.217502933
ENSG00000105568,-0.120892329,0.217781709
ENSG00000147082,-0.762711237,0.217809817
ENSG00000130956,0.308551918,0.21795084
ENSG00000114268,-0.409978949,0.217990695
ENSG00000134121,0.914249369,0.218136149
ENSG00000105793,0.183236518,0.218228739
ENSG00000166166,-0.276350269,0.218285018
ENSG00000079156,-1.123470556,0.218340226
ENSG00000164620,0.266388192,0.218360902
ENSG00000111641,0.227196015,0.218372848
ENSG00000149503,0.181068651,0.218431456
ENSG00000166189,-0.153412386,0.218434452
ENSG00000136937,0.143399335,0.218449816
ENSG00000261732,0.524410406,0.218678639
ENSG00000118260,0.162869916,0.218859568
ENSG00000127364,0.401733493,0.218964429
ENSG00000154479,-0.503114787,0.219053855
ENSG00000124275,0.189853677,0.219154591
ENSG00000122733,-1.10089534,0.219451271
ENSG00000204574,0.168920862,0.219491586
ENSG00000241404,-0.722337917,0.219593015
ENSG00000168615,-0.265006796,0.219789435
ENSG00000197019,0.242352394,0.219853208
ENSG00000134318,0.122765032,0.219855256
ENSG00000149179,-0.207674877,0.220128346
ENSG00000174684,0.323775437,0.220239434
ENSG00000176383,0.316780748,0.220263938
ENSG00000129116,-0.45924403,0.220341123
ENSG00000145391,0.234788983,0.220349953
ENSG00000186792,-0.454196016,0.220629946
ENSG00000178947,0.493092962,0.220672595
ENSG00000146243,0.287744228,0.220677552
ENSG00000132386,-0.478715554,0.220727762
ENSG00000119121,-0.577634893,0.220998238
ENSG00000157890,0.231658577,0.221229449
ENSG00000076321,0.180251438,0.221327501
ENSG00000140632,-0.132393067,0.221328697
ENSG00000100906,-0.287235633,0.221558934
ENSG00000213339,-0.300986599,0.221612117
ENSG00000182179,-0.177756732,0.221760054
ENSG00000091009,0.129070382,0.221846165
ENSG00000137968,-1.446784577,0.221864002
ENSG00000228696,0.328833204,0.221904542
ENSG00000277150,0.733653866,0.222055331
ENSG00000186193,-0.679341843,0.222113034
ENSG00000091483,0.229102306,0.222181543
ENSG00000145945,0.299390509,0.2223605
ENSG00000040633,0.158728497,0.222411425
ENSG00000124508,0.152427985,0.222480164
ENSG00000166523,-0.576278817,0.222780186
ENSG00000120697,0.356087259,0.22301077
ENSG00000154582,0.25342823,0.223050776
ENSG00000177076,-0.318248427,0.223200435
ENSG00000169583,-0.545683125,0.223246222
ENSG00000095303,-0.478855702,0.223249011
ENSG00000139970,-0.285855487,0.223457272
ENSG00000070614,-0.433696148,0.223763125
ENSG00000162877,0.725697282,0.223787722
ENSG00000176020,1.786108401,0.223823837
ENSG00000204822,0.223580573,0.223927249
ENSG00000233024,-0.495338036,0.224388576
ENSG00000140382,0.177407856,0.224419374
ENSG00000206560,-0.188741762,0.224529876
ENSG00000164849,-0.674267485,0.2245636
ENSG00000112584,0.154468174,0.224583972
ENSG00000189430,-0.592425977,0.224668892
ENSG00000070366,0.211728095,0.224750318
ENSG00000118855,-0.213638989,0.224999881
ENSG00000146963,-0.125387214,0.225113768
ENSG00000146701,-0.163301007,0.225288428
ENSG00000118495,-0.38466771,0.225311513
ENSG00000163737,-0.568213497,0.225442471
ENSG00000183977,-0.32250272,0.225543918
ENSG00000147162,0.171839611,0.225556181
ENSG00000175806,-0.28547724,0.225774288
ENSG00000253873,-0.740609918,0.225926444
ENSG00000090339,-0.270035591,0.226067398
ENSG00000155330,0.214840452,0.226072849
ENSG00000255339,-0.533180391,0.22619269
ENSG00000068903,-0.137365708,0.226316747
ENSG00000149403,-1.168244732,0.226344363
ENSG00000132330,0.235483561,0.226398787
ENSG00000134684,-0.168269938,0.226442204
ENSG00000151062,-0.273654462,0.226479801
ENSG00000154262,-0.502553718,0.226603815
ENSG00000182489,-0.647403602,0.226740063
ENSG00000116005,0.177013673,0.226757168
ENSG00000178149,0.206515053,0.226843087
ENSG00000173933,-0.092080832,0.226952794
ENSG00000001461,0.168470196,0.226972758
ENSG00000183439,-0.783872694,0.227003119
ENSG00000183808,0.162154199,0.227070868
ENSG00000107175,0.19085014,0.227094061
ENSG00000162971,0.178907288,0.22712348
ENSG00000111843,0.401724252,0.227173011
ENSG00000093183,0.166027826,0.227377978
ENSG00000156711,-0.255127032,0.227562143
ENSG00000124380,0.244634245,0.227603791
ENSG00000198707,0.277065582,0.227687177
ENSG00000137815,-0.133169367,0.227881931
ENSG00000135740,-0.37680864,0.227940793
ENSG00000213967,0.501029308,0.228121584
ENSG00000075624,-0.192990464,0.228276117
ENSG00000135506,-0.182134489,0.228446023
ENSG00000164742,0.369496271,0.228545777
ENSG00000094804,-0.747846216,0.229353637
ENSG00000119242,0.217653009,0.229567667
ENSG00000078369,-0.123263335,0.229698636
ENSG00000182858,0.144944395,0.229720033
ENSG00000151502,-0.126716114,0.229811409
ENSG00000181856,0.927396837,0.229821167
ENSG00000125450,0.161820967,0.229823599
ENSG00000134013,0.396474283,0.229903127
ENSG00000135678,0.333130287,0.229968504
ENSG00000154134,-0.590515055,0.230301154
ENSG00000139173,-0.365488135,0.23049822
ENSG00000124091,-0.291126378,0.230531158
ENSG00000198682,-0.290803098,0.230645745
ENSG00000136457,0.679103702,0.230704841
ENSG00000006607,0.208311401,0.230902165
ENSG00000156097,-0.458534787,0.230988391
ENSG00000135929,-0.540274261,0.231185477
ENSG00000173530,-0.427508652,0.23129152
ENSG00000204977,0.179004324,0.231309445
ENSG00000253731,-0.74724766,0.231454018
ENSG00000054116,0.140482221,0.231541818
ENSG00000196866,-0.868307204,0.231829523
ENSG00000065485,-0.454817249,0.231916083
ENSG00000101003,-0.547804165,0.231973145
ENSG00000154856,-0.78708046,0.232229548
ENSG00000204394,-0.197837215,0.232397291
ENSG00000095637,0.434047268,0.232418873
ENSG00000132740,-0.282652546,0.23253205
ENSG00000151702,-0.127848001,0.232703579
ENSG00000167633,-1.304496257,0.23279079
ENSG00000131437,0.287510548,0.232908027
ENSG00000143575,0.184658577,0.232926994
ENSG00000185052,-0.567094202,0.232934384
ENSG00000188152,0.298454539,0.233003091
ENSG00000186814,0.140490983,0.233066221
ENSG00000130940,0.235367127,0.233550086
ENSG00000102390,0.354875065,0.233570888
ENSG00000175220,-0.140200718,0.233597051
ENSG00000129048,0.570093797,0.233635722
ENSG00000147813,-0.339851087,0.23383368
ENSG00000177042,-0.188813825,0.233837684
ENSG00000162337,-0.535971679,0.233841773
ENSG00000111266,0.22017669,0.233957627
ENSG00000163798,0.121981488,0.233982412
ENSG00000139044,-0.445949014,0.234157429
ENSG00000007402,-0.562974889,0.234396808
ENSG00000258461,-0.313125769,0.234488853
ENSG00000166086,-0.471701996,0.234666873
ENSG00000188785,0.226762798,0.234974493
ENSG00000159596,-0.203991213,0.235103627
ENSG00000131778,0.157751655,0.23538401
ENSG00000139697,0.105585665,0.235459652
ENSG00000151650,-0.400798389,0.235502381
ENSG00000106089,-0.374433227,0.235557335
ENSG00000167105,-0.932304583,0.235664687
ENSG00000102010,-0.890906141,0.235795201
ENSG00000171522,0.233073688,0.235799604
ENSG00000164182,0.566792857,0.235902471
ENSG00000147650,0.289018763,0.235938987
ENSG00000044459,-0.298704493,0.236060073
ENSG00000104112,0.35783971,0.236090728
ENSG00000152503,0.526770762,0.236120401
ENSG00000174080,0.345808217,0.236171951
ENSG00000174255,0.340325295,0.236312714
ENSG00000100478,-0.158154228,0.236343673
ENSG00000274933,-1.322659709,0.236495551
ENSG00000233822,-0.303013414,0.236578621
ENSG00000184831,0.371086319,0.236653331
ENSG00000206077,0.987081958,0.23670675
ENSG00000180884,0.221424432,0.236716179
ENSG00000255154,0.302977655,0.236834874
ENSG00000085831,-0.542709691,0.236986552
ENSG00000134324,0.236663289,0.236998614
ENSG00000154889,-0.268416476,0.237128382
ENSG00000169752,-0.611818915,0.237642744
ENSG00000152767,0.267319573,0.237703584
ENSG00000228253,0.566989181,0.237847783
ENSG00000135452,-0.213963457,0.237862991
ENSG00000145088,0.35289294,0.23787208
ENSG00000154781,-0.133456457,0.238171728
ENSG00000050165,0.629001096,0.238563441
ENSG00000254206,0.505242595,0.238657494
ENSG00000178096,0.355135255,0.238940042
ENSG00000234719,-0.475433961,0.239003072
ENSG00000082269,0.178097749,0.239089968
ENSG00000108828,0.154895937,0.239151432
ENSG00000172175,0.170176347,0.239237423
ENSG00000187607,0.250782503,0.239421273
ENSG00000166123,-0.4031122,0.239427496
ENSG00000186529,-0.507889301,0.239428784
ENSG00000147118,0.134389735,0.239498974
ENSG00000066855,0.203353739,0.239520918
ENSG00000133028,0.13605776,0.239546424
ENSG00000134905,-0.227901272,0.239594281
ENSG00000205758,0.192840508,0.239598695
ENSG00000107185,0.136211116,0.23968049
ENSG00000132781,-0.212999224,0.239819955
ENSG00000118418,0.30208353,0.240003839
ENSG00000196189,-0.426711254,0.240112891
ENSG00000141076,-0.218303517,0.240385959
ENSG00000170854,0.207492168,0.24048595
ENSG00000197134,0.48128724,0.240523608
ENSG00000120756,0.540638384,0.240529417
ENSG00000110934,-0.156851605,0.240606371
ENSG00000118655,0.217590193,0.240864007
ENSG00000172009,-0.241712398,0.24099804
ENSG00000178075,-0.609164262,0.24103411
ENSG00000160208,0.175434277,0.241144128
ENSG00000142627,-0.782247916,0.241151007
ENSG00000176485,-0.334608147,0.241289736
ENSG00000108395,0.224101701,0.241412624
ENSG00000109944,-0.55746505,0.241501756
ENSG00000183520,0.241655459,0.241537477
ENSG00000143303,0.190263866,0.241914588
ENSG00000273899,-0.1479803,0.24193371
ENSG00000004809,-0.439685803,0.242010177
ENSG00000283378,0.836406026,0.2421058
ENSG00000198909,-0.24222696,0.242162934
ENSG00000168303,0.146526027,0.242203207
ENSG00000267426,-1.236209501,0.24227329
ENSG00000155961,0.215105445,0.242309104
ENSG00000135749,0.263348686,0.242575169
ENSG00000185024,0.219153421,0.242627978
ENSG00000089094,0.159627753,0.243069409
ENSG00000074356,0.127536819,0.243171584
ENSG00000169093,-0.160098394,0.243180675
ENSG00000174453,-0.735614542,0.243198745
ENSG00000110429,0.151581692,0.243253788
ENSG00000104774,-0.175755231,0.243270948
ENSG00000114739,0.223240447,0.243341516
ENSG00000136383,-0.51641511,0.243355537
ENSG00000132467,0.236297584,0.243401157
ENSG00000163221,-0.683303304,0.243501632
ENSG00000169976,-0.211751949,0.243514052
ENSG00000165392,-0.147314783,0.243684196
ENSG00000175193,0.197096137,0.243763497
ENSG00000140488,0.819707371,0.243764118
ENSG00000120137,0.13865206,0.243950283
ENSG00000128536,-0.510103974,0.244164319
ENSG00000239961,-0.588613229,0.244404154
ENSG00000126749,0.163531557,0.244421647
ENSG00000172113,0.118613358,0.244628158
ENSG00000238083,0.420850067,0.244818848
ENSG00000244038,-0.157431428,0.244934127
ENSG00000162444,-0.575083616,0.245125101
ENSG00000147383,0.292179871,0.245290381
ENSG00000285444,-1.586028965,0.245407954
ENSG00000204348,0.177441698,0.245453242
ENSG00000173588,-0.184267834,0.245984722
ENSG00000148444,0.262469841,0.245990226
ENSG00000185829,0.346977779,0.246100416
ENSG00000259529,-0.429273951,0.246258789
ENSG00000169679,-0.552629778,0.246343185
ENSG00000123989,0.361726258,0.246380509
ENSG00000162775,0.131797578,0.246428729
ENSG00000168497,-0.499460504,0.246492195
ENSG00000142046,-0.397044722,0.246577144
ENSG00000138606,-0.392645135,0.246709527
ENSG00000136682,0.209153876,0.24680327
ENSG00000144535,0.18753995,0.246834295
ENSG00000183542,-0.714675916,0.246998233
ENSG00000140471,0.194169582,0.247002758
ENSG00000187627,1.127937582,0.247029233
ENSG00000125703,0.236022714,0.247133974
ENSG00000240764,-0.742664368,0.247134273
ENSG00000274736,-1.19951239,0.247188744
ENSG00000164284,0.223684266,0.247426337
ENSG00000170260,0.186071873,0.247443419
ENSG00000145545,0.144501635,0.247467385
ENSG00000085788,0.199719121,0.247762474
ENSG00000236334,0.366628325,0.247963663
ENSG00000133703,0.144206253,0.247965961
ENSG00000134574,0.233401378,0.248000343
ENSG00000178896,0.262892674,0.248049247
ENSG00000159496,-0.280796464,0.248087604
ENSG00000204642,-0.160774769,0.248188793
ENSG00000164542,-0.559140693,0.248250189
ENSG00000169621,-0.281680501,0.248395982
ENSG00000182224,0.38034196,0.248527788
ENSG00000154734,0.562333829,0.248740291
ENSG00000173080,-0.608771747,0.248837186
ENSG00000011009,-0.121149064,0.249000632
ENSG00000171928,0.211773222,0.249050702
ENSG00000215790,0.231416266,0.249356403
ENSG00000019485,-0.189224111,0.249550454
ENSG00000198865,0.614153185,0.249714841
ENSG00000111775,-0.209952388,0.249802365
ENSG00000174744,-0.132847788,0.249929038
ENSG00000149781,-0.249974131,0.249948514
ENSG00000164941,0.117750549,0.249991894
ENSG00000129244,-0.904973373,0.250082793
ENSG00000125945,0.135378901,0.250200612
ENSG00000071859,0.155471443,0.250236556
ENSG00000055118,-0.550120487,0.250241702
ENSG00000186104,-0.208984686,0.250266275
ENSG00000204001,1.469458187,0.250444158
ENSG00000107282,0.709186192,0.250507835
ENSG00000064787,-0.630048169,0.250516895
ENSG00000242689,-0.300510164,0.250598769
ENSG00000163600,0.295961084,0.250654675
ENSG00000110660,-0.446847872,0.250932343
ENSG00000204590,0.140621197,0.250938407
ENSG00000163950,-0.184372073,0.251002552
ENSG00000159685,0.380199946,0.251384627
ENSG00000267645,-1.405353906,0.251439319
ENSG00000147471,0.129677865,0.25147285
ENSG00000010072,0.112601196,0.251508403
ENSG00000196209,-0.39550524,0.251719579
ENSG00000163155,0.181819157,0.25192374
ENSG00000106245,-0.186841586,0.251993434
ENSG00000125089,-0.256447014,0.252107607
ENSG00000150764,0.440868778,0.252207134
ENSG00000173818,0.295879584,0.252228877
ENSG00000141506,-0.178362492,0.252241553
ENSG00000153721,-0.79441195,0.252561576
ENSG00000168970,0.26395857,0.252615999
ENSG00000143499,0.192297037,0.252650792
ENSG00000141736,-0.442086205,0.252672953
ENSG00000131747,-0.549654626,0.25274562
ENSG00000256646,0.364526055,0.252798818
ENSG00000120162,0.383553934,0.252840599
ENSG00000116151,0.24965148,0.252881942
ENSG00000213341,-0.150206814,0.252904071
ENSG00000115295,0.202569944,0.253000953
ENSG00000183779,0.598873277,0.253020468
ENSG00000100985,-0.798789634,0.253065102
ENSG00000118292,-0.518971343,0.253220578
ENSG00000213903,-0.311747581,0.253249114
ENSG00000166557,-0.186217037,0.253273077
ENSG00000164430,0.189246433,0.253438287
ENSG00000197714,0.151108327,0.253761797
ENSG00000023516,0.163649653,0.25390007
ENSG00000121594,-0.583687349,0.253984909
ENSG00000186281,0.744105425,0.254055265
ENSG00000015171,0.220322191,0.254120999
ENSG00000143178,0.323184627,0.254121707
ENSG00000051128,-0.396193017,0.254412469
ENSG00000198825,0.143950943,0.254647942
ENSG00000196693,0.174632827,0.254684212
ENSG00000104903,-0.41289448,0.254730595
ENSG00000204428,-0.648515253,0.254873296
ENSG00000198478,-0.640651891,0.255139884
ENSG00000115808,0.137603228,0.255232791
ENSG00000168675,-0.184709006,0.255351032
ENSG00000213648,-0.587764377,0.25545777
ENSG00000136197,0.341931433,0.255666704
ENSG00000184083,0.251560461,0.255734468
ENSG00000065534,-0.32963869,0.25573746
ENSG00000184939,0.248749276,0.255739155
ENSG00000107798,-0.265077161,0.255745834
ENSG00000171097,0.285997818,0.255879748
ENSG00000119688,0.212726007,0.255965436
ENSG00000185305,0.205890272,0.256016243
ENSG00000181218,-0.366094319,0.256137286
ENSG00000152413,-0.387492219,0.256166734
ENSG00000049618,0.23136951,0.256195428
ENSG00000115946,0.209140085,0.256221966
ENSG00000198963,0.835650987,0.256415368
ENSG00000140386,0.165518517,0.256417657
ENSG00000100600,0.629849931,0.256458063
ENSG00000177302,-0.175823783,0.256646942
ENSG00000171827,-0.24025882,0.256706936
ENSG00000188848,0.46529881,0.257125263
ENSG00000146281,0.174474714,0.257126197
ENSG00000107104,-0.580265916,0.257208495
ENSG00000135763,-0.181743278,0.25741478
ENSG00000196924,-0.210964735,0.257520359
ENSG00000173705,0.584407581,0.257830925
ENSG00000185522,-0.661255573,0.257851096
ENSG00000157869,0.181027403,0.257933997
ENSG00000067225,-0.17036443,0.258294558
ENSG00000125347,-0.194294255,0.25845683
ENSG00000107738,-0.306038696,0.25886495
ENSG00000025708,-0.32676336,0.25911369
ENSG00000178917,0.186776922,0.259241924
ENSG00000108256,0.120577968,0.259469271
ENSG00000099377,-0.581757639,0.259557301
ENSG00000143315,0.17045818,0.259568135
ENSG00000106459,0.111831646,0.259596532
ENSG00000242259,0.13003928,0.259707651
ENSG00000086475,0.187427366,0.259763254
ENSG00000143776,-0.450507204,0.259816656
ENSG00000076258,0.288202081,0.259825448
ENSG00000129562,-0.205873618,0.2602078
ENSG00000198791,0.139785483,0.260283697
ENSG00000125895,0.582514435,0.260431681
ENSG00000149534,-0.549203402,0.260433314
ENSG00000116991,-0.505267324,0.26050465
ENSG00000144749,0.255200273,0.260514957
ENSG00000156206,-0.687448476,0.260634078
ENSG00000071553,-0.178307801,0.26064214
ENSG00000070087,0.271808465,0.260669094
ENSG00000173214,0.190050817,0.260675173
ENSG00000121410,0.42790837,0.260914701
ENSG00000099840,0.464061608,0.261229764
ENSG00000138036,0.442900388,0.26125808
ENSG00000258644,1.133705177,0.261363896
ENSG00000267368,-0.459775487,0.261417077
ENSG00000122707,0.207234582,0.261447849
ENSG00000072315,0.502590778,0.261533632
ENSG00000124491,-0.548769531,0.261958773
ENSG00000117226,0.328358093,0.261985326
ENSG00000053372,-0.279048685,0.262002876
ENSG00000111640,-0.185412314,0.2621194
ENSG00000132950,0.166387631,0.262284899
ENSG00000213139,-0.3232086,0.262425877
ENSG00000180611,-0.51119314,0.262783269
ENSG00000161048,0.1758,0.262910165
ENSG00000132635,-0.249821684,0.262942134
ENSG00000267022,1.200831028,0.263011109
ENSG00000128881,0.134837352,0.263046684
ENSG00000134138,-1.011672688,0.263210927
ENSG00000154240,0.622587068,0.263271241
ENSG00000146072,-0.54360628,0.263351707
ENSG00000114805,-0.963421916,0.263373412
ENSG00000173889,0.146430576,0.263419742
ENSG00000134030,0.280441397,0.263550481
ENSG00000136636,-0.354349758,0.263586961
ENSG00000107643,-0.12679457,0.26359421
ENSG00000125885,0.204658085,0.263595463
ENSG00000101624,-0.21214799,0.263634148
ENSG00000172345,0.176365312,0.263715875
ENSG00000183665,0.198933678,0.263737868
ENSG00000168137,0.223762307,0.263782418
ENSG00000110047,-0.193348972,0.264280588
ENSG00000259305,-0.569791924,0.26444689
ENSG00000140534,-0.628676921,0.264448836
ENSG00000169972,-0.234257396,0.264467209
ENSG00000162614,-0.221891132,0.264469595
ENSG00000139146,0.159831597,0.26471174
ENSG00000172889,-0.460015913,0.264734216
ENSG00000104853,-0.183064537,0.264745843
ENSG00000038358,-0.125195352,0.264894827
ENSG00000158623,0.268500453,0.265200519
ENSG00000161914,-0.385528996,0.265258223
ENSG00000011422,-0.33444803,0.265436218
ENSG00000221923,-0.467613501,0.265471
ENSG00000124772,-0.386614665,0.265710811
ENSG00000113088,0.448291062,0.265714742
ENSG00000134910,-0.166386378,0.2658208
ENSG00000100304,-0.169917001,0.265933239
ENSG00000189362,0.19299538,0.265953622
ENSG00000103769,-0.170750333,0.266026549
ENSG00000106341,0.810759371,0.266037218
ENSG00000171204,-0.246491757,0.26617605
ENSG00000268975,-1.440939058,0.266262022
ENSG00000112312,0.46191776,0.266394374
ENSG00000128694,0.260721913,0.266421547
ENSG00000183066,0.412641605,0.266504288
ENSG00000055955,-0.440736741,0.266542368
ENSG00000085872,-0.243288578,0.266666688
ENSG00000133477,0.627702076,0.267041332
ENSG00000165682,-0.671172656,0.267099313
ENSG00000131711,-0.613813418,0.267247194
ENSG00000168813,0.178342382,0.267268636
ENSG00000256223,-0.29995535,0.267309764
ENSG00000183020,-0.150562445,0.267366692
ENSG00000253485,-0.678910853,0.267409134
ENSG00000119574,0.21777088,0.267420115
ENSG00000167107,0.296244554,0.267489976
ENSG00000183826,0.186022356,0.267652384
ENSG00000235453,-0.204397021,0.267842935
ENSG00000155926,-0.230727057,0.268028785
ENSG00000159388,-0.194065356,0.268119943
ENSG00000137101,0.301741631,0.268121296
ENSG00000184261,0.345288758,0.268183327
ENSG00000107954,-0.423787825,0.268197031
ENSG00000110841,0.353369338,0.268256501
ENSG00000204138,0.190545117,0.268280078
ENSG00000096654,0.247924364,0.26846398
ENSG00000164023,-0.360176015,0.268528653
ENSG00000167705,-0.526613915,0.268529964
ENSG00000108679,-0.496679653,0.268712172
ENSG00000066294,0.17276694,0.268749922
ENSG00000141295,0.185269221,0.268779633
ENSG00000256525,-0.171281663,0.268806938
ENSG00000171217,0.49483214,0.268890746
ENSG00000154146,-0.558935238,0.268942745
ENSG00000166272,-0.118742333,0.269079665
ENSG00000042832,0.385846204,0.269151008
ENSG00000105669,-0.16615259,0.269222912
ENSG00000165943,-0.146859164,0.26924314
ENSG00000139624,-0.150765876,0.269405612
ENSG00000079805,-0.164956964,0.269451311
ENSG00000102910,0.115020232,0.269535389
ENSG00000105383,-0.21710964,0.26961287
ENSG00000152684,0.222347758,0.269781045
ENSG00000180574,1.445563619,0.270082463
ENSG00000165802,0.208365515,0.270107651
ENSG00000163541,-0.165133316,0.270281813
ENSG00000112972,-0.182088325,0.270391812
ENSG00000100321,-0.54416291,0.270451214
ENSG00000161526,-0.103189392,0.270584444
ENSG00000143110,-0.264427439,0.270801336
ENSG00000128581,-0.502847562,0.270872144
ENSG00000101751,0.155157258,0.270961059
ENSG00000163736,-0.533821049,0.271052912
ENSG00000182575,-0.618087415,0.271124836
ENSG00000169718,-0.143071694,0.271141527
ENSG00000114988,0.175546254,0.271223085
ENSG00000137812,-0.295844843,0.271374234
ENSG00000185009,0.106170395,0.271378116
ENSG00000125245,0.164408819,0.271482944
ENSG00000205238,-0.601064886,0.271740505
ENSG00000078699,0.207461277,0.271814429
ENSG00000011405,0.107012379,0.27195317
ENSG00000100865,-0.189347936,0.271990269
ENSG00000205581,0.152416228,0.272045946
ENSG00000165359,0.14073534,0.272265698
ENSG00000196705,0.162163865,0.27229778
ENSG00000112855,-0.095510993,0.272405776
ENSG00000125247,-0.295652036,0.272454225
ENSG00000160606,0.454863223,0.272455948
ENSG00000196878,0.610302865,0.272471427
ENSG00000087903,0.476714556,0.272620011
ENSG00000196208,0.597550798,0.272667648
ENSG00000172878,-0.316067108,0.272710432
ENSG00000196544,0.14728977,0.272713195
ENSG00000088808,0.26936426,0.272744495
ENSG00000167701,-0.458860508,0.273125838
ENSG00000074935,0.237138946,0.273381474
ENSG00000165948,0.499584945,0.273688122
ENSG00000197362,0.246616687,0.273768385
ENSG00000109180,0.139154543,0.273797302
ENSG00000151623,0.286473486,0.274092044
ENSG00000134690,-0.355021343,0.274103865
ENSG00000145216,0.100475496,0.274110735
ENSG00000171051,-0.413813054,0.274119673
ENSG00000178921,-0.229563784,0.274129232
ENSG00000070526,-0.666695846,0.274328579
ENSG00000132953,0.141062313,0.27440165
ENSG00000157637,-0.180085671,0.274411948
ENSG00000260007,-0.173928973,0.274492763
ENSG00000109762,0.222303222,0.274501144
ENSG00000125459,-0.209595762,0.274549939
ENSG00000161082,-1.660746547,0.274618687
ENSG00000130402,-0.182054814,0.274646438
ENSG00000128309,-0.177933156,0.274953114
ENSG00000182087,-0.178722183,0.275075817
ENSG00000214160,-0.187772972,0.275374024
ENSG00000127824,-0.255866879,0.275466349
ENSG00000197959,-0.296337134,0.275693516
ENSG00000268350,0.198907777,0.275890114
ENSG00000104205,0.162146201,0.275935923
ENSG00000130734,-0.211607148,0.276025922
ENSG00000028137,-0.21098911,0.276112684
ENSG00000181135,-0.231077527,0.276190171
ENSG00000139684,0.188310441,0.276212747
ENSG00000163872,0.136683554,0.276260035
ENSG00000221886,0.389638385,0.27635768
ENSG00000168955,-0.559210234,0.276453114
ENSG00000143476,-0.420746172,0.27657693
ENSG00000105552,-0.241891098,0.276739233
ENSG00000189195,0.240148753,0.276925407
ENSG00000148985,-0.222168063,0.277001793
ENSG00000206527,0.170363255,0.277117973
ENSG00000179088,0.429575427,0.277173411
ENSG00000115353,0.557261682,0.277186846
ENSG00000132017,-0.145556762,0.277279018
ENSG00000173065,-0.278232753,0.277317672
ENSG00000197119,-0.453415814,0.277411742
ENSG00000163472,-0.212402837,0.277450041
ENSG00000244005,-0.175711583,0.277575613
ENSG00000131023,0.149063787,0.277617176
ENSG00000137845,-0.150069543,0.277665271
ENSG00000081014,0.162726591,0.277666071
ENSG00000128567,0.187589361,0.277715291
ENSG00000181544,0.24619001,0.277826754
ENSG00000100324,0.167308825,0.278102392
ENSG00000131558,0.119630042,0.278163087
ENSG00000151376,0.600172426,0.278240798
ENSG00000112053,-0.810296907,0.27827377
ENSG00000105700,-0.14747728,0.278433495
ENSG00000145014,-0.369375405,0.278441919
ENSG00000143258,-0.180051909,0.278447205
ENSG00000159899,0.448541447,0.278648882
ENSG00000163751,-0.468673343,0.278674609
ENSG00000120685,0.217772218,0.278760431
ENSG00000103522,0.174723637,0.278802256
ENSG00000115525,0.231717945,0.278918102
ENSG00000135930,0.093176631,0.279088853
ENSG00000187790,-0.17870219,0.279134784
ENSG00000257093,0.152633344,0.279179833
ENSG00000185842,0.332057929,0.279220554
ENSG00000148950,0.317682666,0.279613072
ENSG00000138674,0.116903298,0.279669275
ENSG00000213533,0.164369432,0.279790346
ENSG00000105341,-0.158278479,0.279804207
ENSG00000171295,-0.235318537,0.279834098
ENSG00000184857,0.241885757,0.279903853
ENSG00000100284,-0.276244684,0.2799231
ENSG00000198642,0.178933528,0.280107471
ENSG00000013810,-0.303404555,0.280211769
ENSG00000160688,-0.168986111,0.280305239
ENSG00000159915,0.449577308,0.280388408
ENSG00000106086,0.174323294,0.280594237
ENSG00000139832,-0.456345395,0.280651147
ENSG00000169902,-0.493732148,0.28069087
ENSG00000139737,0.185697229,0.280708397
ENSG00000196152,0.170318134,0.280885936
ENSG00000127955,0.451767066,0.281209503
ENSG00000118873,0.09402667,0.281448616
ENSG00000141219,0.190694449,0.281458134
ENSG00000206140,0.547851729,0.281465361
ENSG00000081148,0.342043051,0.28176607
ENSG00000182700,0.200055864,0.281846737
ENSG00000204577,-0.384228863,0.281852008
ENSG00000128641,0.583490725,0.281853566
ENSG00000265354,0.199747258,0.281994959
ENSG00000215845,0.190838876,0.282142592
ENSG00000157657,0.272989684,0.282222821
ENSG00000166225,0.1148294,0.282271818
ENSG00000094914,0.153044893,0.282315502
ENSG00000163781,0.110598177,0.282615878
ENSG00000149054,-0.817439603,0.282812884
ENSG00000221883,-0.297769416,0.28283648
ENSG00000269955,0.780833506,0.28292951
ENSG00000145700,-0.561524348,0.282995629
ENSG00000108518,-0.134937789,0.283029744
ENSG00000106290,-0.155248697,0.283179279
ENSG00000154274,-0.396927172,0.283206675
ENSG00000176845,-0.259636886,0.283275763
ENSG00000127995,0.18361046,0.283355616
ENSG00000112232,-0.623210024,0.283440644
ENSG00000165264,-0.245836083,0.283475894
ENSG00000137944,-0.166577135,0.28353752
ENSG00000172939,-0.158791025,0.283581396
ENSG00000102738,0.206750518,0.283653513
ENSG00000205670,0.586861905,0.283725888
ENSG00000163870,-0.155611139,0.283762726
ENSG00000111785,0.216170571,0.283874512
ENSG00000108669,0.102439989,0.283943991
ENSG00000196550,-0.65825388,0.283947667
ENSG00000167716,-0.163489233,0.284102238
ENSG00000008869,0.130780846,0.284152702
ENSG00000078061,-0.163459061,0.28426352
ENSG00000110057,-0.299408656,0.284391437
ENSG00000180448,-0.193334995,0.284407431
ENSG00000015285,-0.239862188,0.284424676
ENSG00000273045,0.460923838,0.284476125
ENSG00000188026,0.264508298,0.284532344
ENSG00000078596,0.402528486,0.284594035
ENSG00000165698,-0.499219812,0.284804836
ENSG00000101266,0.079367576,0.284833526
ENSG00000148843,-0.134827276,0.284835645
ENSG00000100908,-0.279687404,0.284874486
ENSG00000138061,-0.405489301,0.284923656
ENSG00000285130,-1.42166965,0.284942281
ENSG00000185897,0.901260561,0.285138542
ENSG00000131398,-0.618888021,0.285196484
ENSG00000163257,0.148394332,0.285219599
ENSG00000078142,-0.11265026,0.285260675
ENSG00000131845,-0.372754592,0.285310683
ENSG00000139880,-0.645146389,0.28537036
ENSG00000147853,0.203405055,0.285433094
ENSG00000213588,0.26324071,0.285824989
ENSG00000203618,-0.661639574,0.285979412
ENSG00000111727,0.220252796,0.285980367
ENSG00000068615,0.455886811,0.286153736
ENSG00000188739,0.27314129,0.286247864
ENSG00000006530,0.178638837,0.286268831
ENSG00000093010,-0.154857176,0.286286572
ENSG00000121542,0.179399353,0.286315979
ENSG00000187676,0.30866305,0.286409894
ENSG00000136104,0.166062792,0.286491542
ENSG00000196411,-1.040777972,0.286634106
ENSG00000068305,-0.180621741,0.286690475
ENSG00000188522,0.234468432,0.286854567
ENSG00000067596,-0.1161058,0.286876184
ENSG00000129235,0.201516149,0.286952444
ENSG00000135124,-0.150269579,0.287124197
ENSG00000132906,-0.190848942,0.287289167
ENSG00000132768,-0.188449249,0.287293088
ENSG00000197170,0.118186373,0.28730999
ENSG00000169047,-0.43030599,0.287438528
ENSG00000116668,-0.274465709,0.287489957
ENSG00000178567,0.140814613,0.28750295
ENSG00000204420,-0.634107679,0.287785731
ENSG00000165271,-0.172747606,0.287958374
ENSG00000188305,-0.502687968,0.287964929
ENSG00000114650,-0.185296399,0.288200381
ENSG00000178199,0.263975329,0.288215505
ENSG00000173457,-0.257916004,0.288246697
ENSG00000196549,-0.497726939,0.288587151
ENSG00000159348,-0.220766064,0.288716614
ENSG00000284431,1.092503654,0.28881666
ENSG00000213297,1.028846779,0.288846985
ENSG00000168038,0.219230464,0.288922343
ENSG00000100726,-0.231326844,0.289237619
ENSG00000183963,0.285593211,0.289261643
ENSG00000128268,-0.465522381,0.289381816
ENSG00000081052,-0.357818686,0.289446025
ENSG00000263464,0.88346311,0.289569909
ENSG00000174669,0.396161153,0.289571902
ENSG00000133619,0.211119487,0.289653511
ENSG00000133328,-1.050391425,0.289655678
ENSG00000049192,0.366537931,0.289705882
ENSG00000130347,-0.289191053,0.289720328
ENSG00000142327,-0.124660035,0.289757981
ENSG00000165417,0.107364134,0.289797033
ENSG00000134686,-0.396531423,0.289839787
ENSG00000125520,0.178852586,0.28986241
ENSG00000133454,-0.859417023,0.289863269
ENSG00000090006,-0.336873885,0.289883359
ENSG00000099998,0.848398745,0.289968451
ENSG00000167306,0.342556204,0.289987401
ENSG00000235961,1.531553256,0.290220495
ENSG00000176720,1.338634579,0.290299073
ENSG00000181827,0.173801344,0.290565709
ENSG00000134864,-0.319181638,0.290616851
ENSG00000149196,0.215874698,0.290657991
ENSG00000181031,-0.353059328,0.290673289
ENSG00000075240,-0.192544448,0.290674096
ENSG00000145604,0.161982207,0.290698444
ENSG00000163050,-0.197802927,0.290800957
ENSG00000153044,-0.359718609,0.290871842
ENSG00000185404,0.177316954,0.290876938
ENSG00000116990,-0.241951635,0.290891027
ENSG00000126091,0.240540727,0.291361321
ENSG00000174827,0.418713812,0.291401902
ENSG00000162576,-0.314012795,0.2914178
ENSG00000101162,-0.517574819,0.291493644
ENSG00000173421,0.647928159,0.291586675
ENSG00000198146,0.128990392,0.291632143
ENSG00000103707,-0.193622641,0.292292044
ENSG00000196876,0.586791125,0.292419995
ENSG00000159216,0.240854911,0.29260716
ENSG00000180336,-0.589102606,0.292607604
ENSG00000048462,-0.951184916,0.292688349
ENSG00000198689,0.122928621,0.292726914
ENSG00000167100,-0.395698861,0.292777579
ENSG00000143889,0.287775447,0.292805355
ENSG00000117697,0.113362069,0.292903182
ENSG00000073417,0.188483283,0.292976192
ENSG00000124882,-0.832962155,0.293023323
ENSG00000139192,-0.156175597,0.293037077
ENSG00000159086,0.129883247,0.293061306
ENSG00000073969,0.113569153,0.293084761
ENSG00000161888,-0.565622868,0.293136147
ENSG00000176076,-0.649062199,0.293143907
ENSG00000132581,-0.131971553,0.29323526
ENSG00000119661,0.289057708,0.293497519
ENSG00000239264,-0.561108814,0.29361032
ENSG00000250264,0.801372098,0.29362841
ENSG00000142185,-0.30739642,0.293810731
ENSG00000115255,-0.501003944,0.294085065
ENSG00000102221,-0.476118267,0.294135407
ENSG00000274349,-0.497659392,0.294147961
ENSG00000187699,-0.279045602,0.294174561
ENSG00000116497,0.137672665,0.294417655
ENSG00000103740,-0.501264123,0.294759951
ENSG00000167930,-0.194172301,0.29478062
ENSG00000183569,-0.476966487,0.294800919
ENSG00000280537,0.498806787,0.295075961
ENSG00000175756,-0.161131227,0.295426651
ENSG00000254126,-0.666476287,0.295602851
ENSG00000135093,0.175885023,0.295876967
ENSG00000108671,0.101106161,0.296072312
ENSG00000102174,-0.543787511,0.296131124
ENSG00000146122,-1.383542603,0.296178887
ENSG00000091986,-0.498917958,0.296351849
ENSG00000143995,-0.316941685,0.296414559
ENSG00000162642,0.132377282,0.296519136
ENSG00000203747,-0.251812299,0.296560734
ENSG00000053438,0.287444801,0.296799409
ENSG00000163683,0.133718353,0.296975913
ENSG00000110066,0.094236301,0.296982137
ENSG00000111679,-0.180847643,0.29712795
ENSG00000260325,-0.550592265,0.297306272
ENSG00000131165,-0.152388542,0.297390302
ENSG00000187624,0.689727741,0.297676682
ENSG00000213563,-0.229396859,0.297943822
ENSG00000160410,-0.259928231,0.298010521
ENSG00000175920,-0.447376628,0.29806514
ENSG00000103528,-0.672888065,0.298229526
ENSG00000118785,-0.671919124,0.298303374
ENSG00000141527,0.606415407,0.298443845
ENSG00000130755,-0.236174081,0.298462803
ENSG00000108592,-0.172555848,0.29847589
ENSG00000142686,0.266153151,0.298649765
ENSG00000122008,0.159812885,0.298662186
ENSG00000065802,0.191796583,0.29878696
ENSG00000177096,-0.343100609,0.29879896
ENSG00000128185,0.196372289,0.298899496
ENSG00000136206,-0.378622346,0.298927249
ENSG00000173153,-0.147502891,0.299042318
ENSG00000132881,-0.397827907,0.299114515
ENSG00000159202,0.101359838,0.299303921
ENSG00000111261,-0.588741844,0.299344206
ENSG00000174776,0.426989689,0.29939017
ENSG00000205213,-0.468594962,0.299393333
ENSG00000123080,-0.304056923,0.299519577
ENSG00000149925,-0.199769751,0.299544682
ENSG00000055950,-0.148817112,0.299554663
ENSG00000033178,0.117675859,0.299567537
ENSG00000152894,0.4893416,0.299592965
ENSG00000132323,0.155894932,0.299662672
ENSG00000081386,0.208126673,0.299665167
ENSG00000010610,0.201888124,0.299714288
ENSG00000094916,0.194421042,0.299770564
ENSG00000148803,-0.330522141,0.299933288
ENSG00000198829,-0.52393593,0.300245208
ENSG00000099256,0.557343688,0.300398915
ENSG00000111450,0.206899196,0.300599611
ENSG00000106526,0.266390509,0.300600091
ENSG00000162552,0.190889071,0.300749261
ENSG00000130844,0.217496952,0.300763845
ENSG00000119138,-0.185624186,0.300800114
ENSG00000165494,0.087377368,0.300819177
ENSG00000198785,0.19178614,0.300911116
ENSG00000154655,0.311277784,0.30093423
ENSG00000163577,0.361869066,0.300973718
ENSG00000092140,0.146547147,0.3011579
ENSG00000111696,-0.30383574,0.301187435
ENSG00000184659,0.584378018,0.301223714
ENSG00000102804,-0.221164045,0.301340031
ENSG00000106624,-0.545866586,0.301479265
ENSG00000142657,-0.272046971,0.301729762
ENSG00000272949,1.178431705,0.301758833
ENSG00000198934,0.308935504,0.301863163
ENSG00000125656,-0.189495857,0.302001807
ENSG00000170468,0.190945051,0.302050178
ENSG00000173762,-0.442113972,0.302197567
ENSG00000149809,-0.279020511,0.302421289
ENSG00000078804,-0.509024654,0.302431974
ENSG00000175197,-0.238845047,0.302476696
ENSG00000198522,0.18643605,0.302633083
ENSG00000119333,-0.35962424,0.302856837
ENSG00000187630,-0.205325144,0.302971704
ENSG00000197747,0.188583964,0.303017361
ENSG00000169994,-0.506276731,0.303153582
ENSG00000177889,0.15310985,0.303155152
ENSG00000169087,-0.220042275,0.303343202
ENSG00000151729,-0.286819758,0.303386993
ENSG00000104835,-0.220117379,0.303390725
ENSG00000239672,-0.386598116,0.303401878
ENSG00000134769,-0.677733623,0.303483563
ENSG00000221946,-0.621722651,0.303840683
ENSG00000213694,0.313970775,0.303847759
ENSG00000107164,0.128981865,0.303965152
ENSG00000067248,0.188736799,0.3040167
ENSG00000140479,-0.464221344,0.304155331
ENSG00000198960,0.192992643,0.304166949
ENSG00000114573,-0.273738484,0.304192697
ENSG00000256222,-0.350067358,0.304376173
ENSG00000115421,0.087713339,0.304518045
ENSG00000176783,-0.219618136,0.304527256
ENSG00000182853,0.92222605,0.304660742
ENSG00000140688,-0.153282856,0.30478491
ENSG00000253910,-0.674250545,0.304833624
ENSG00000016391,-0.764500955,0.305225507
ENSG00000047056,0.11159518,0.305323225
ENSG00000117533,0.182135569,0.305335721
ENSG00000186197,-0.549984016,0.305358953
ENSG00000197885,0.267730361,0.305441138
ENSG00000204351,-0.127871896,0.305490563
ENSG00000255730,0.669814484,0.30550742
ENSG00000116685,-0.149492378,0.305627132
ENSG00000158715,-0.319982608,0.30565077
ENSG00000123892,0.394294095,0.305782005
ENSG00000062822,-0.172536883,0.30584653
ENSG00000189409,-0.554316468,0.30596021
ENSG00000182732,-0.547213191,0.306030746
ENSG00000175467,-0.141073689,0.306144384
ENSG00000105352,-0.400323364,0.306161131
ENSG00000157911,-0.238434876,0.306448204
ENSG00000158850,-0.24884507,0.306483181
ENSG00000163013,0.231918631,0.306485453
ENSG00000132965,-0.293364756,0.306528808
ENSG00000166689,-0.630420658,0.306540236
ENSG00000179918,0.151049924,0.306627324
ENSG00000187595,-0.602783915,0.306640602
ENSG00000116096,0.475237086,0.30668515
ENSG00000160201,1.127397715,0.306704466
ENSG00000099204,0.226893671,0.306943488
ENSG00000154917,-0.312980351,0.306971628
ENSG00000071575,0.222884452,0.307019868
ENSG00000118257,0.586244511,0.30712049
ENSG00000223443,0.776284499,0.307129573
ENSG00000149609,0.402862207,0.307195242
ENSG00000205423,-0.19768223,0.307269144
ENSG00000138593,0.104476508,0.307351674
ENSG00000120948,0.113211209,0.307552746
ENSG00000181625,0.951321379,0.30772
ENSG00000163935,0.246044473,0.307754167
ENSG00000213920,-0.311846382,0.307862214
ENSG00000169122,-0.470970737,0.307881972
ENSG00000062524,-0.571457895,0.307884246
ENSG00000135537,0.212723989,0.307943731
ENSG00000118058,0.275201498,0.307948982
ENSG00000144935,0.332227595,0.308016012
ENSG00000126016,0.32815724,0.308383014
ENSG00000071051,-0.185028637,0.308448365
ENSG00000139714,0.235299609,0.30860826
ENSG00000109519,0.11918403,0.308817398
ENSG00000148826,-0.623614517,0.309079257
ENSG00000181038,-0.200024845,0.309080252
ENSG00000158488,-0.523269165,0.309106889
ENSG00000120278,0.307201897,0.3091693
ENSG00000113971,0.155964433,0.309291182
ENSG00000100852,0.148891088,0.309298595
ENSG00000011426,-0.37693118,0.309357404
ENSG00000134077,0.155533464,0.30941491
ENSG00000196421,0.309479291,0.3094197
ENSG00000103034,-0.367030981,0.309597333
ENSG00000198948,-0.365524763,0.309690052
ENSG00000159228,0.247212504,0.309806329
ENSG00000196169,0.696566146,0.309832615
ENSG00000083799,0.103681096,0.309877272
ENSG00000147324,0.263400285,0.310188708
ENSG00000163879,-0.46033388,0.310413566
ENSG00000101189,0.163872361,0.310427509
ENSG00000185238,-0.150286387,0.310577147
ENSG00000115750,0.231095334,0.310630525
ENSG00000240403,-0.901021737,0.310800992
ENSG00000140451,-0.543071287,0.310822765
ENSG00000126698,0.192235359,0.310827701
ENSG00000184313,-0.720551619,0.310880458
ENSG00000187475,0.608409286,0.310921083
ENSG00000092853,-0.380565495,0.311105463
ENSG00000072121,0.151387529,0.311403006
ENSG00000145107,-0.600287403,0.31141027
ENSG00000103160,0.11390814,0.311711019
ENSG00000004975,-0.173315142,0.311718286
ENSG00000010818,0.187543541,0.311723188
ENSG00000164221,0.253028455,0.311778386
ENSG00000109445,0.152214755,0.311945744
ENSG00000197150,-0.19280737,0.311966597
ENSG00000283361,-1.054955485,0.311989751
ENSG00000180061,0.333508648,0.312026146
ENSG00000154310,0.234145755,0.312425222
ENSG00000116819,-0.369649737,0.312465712
ENSG00000141682,0.256978814,0.3125188
ENSG00000140987,0.126269553,0.312659117
ENSG00000153253,0.41183451,0.312682413
ENSG00000149091,-0.12665208,0.312868436
ENSG00000072201,-0.470870972,0.312979678
ENSG00000124155,-0.108352377,0.312985022
ENSG00000164896,-0.147039151,0.313001293
ENSG00000167210,-0.436655243,0.31309983
ENSG00000153975,0.193383073,0.313114347
ENSG00000100994,-0.144893994,0.31319368
ENSG00000198315,0.178959641,0.313444069
ENSG00000000971,0.590438461,0.313474856
ENSG00000204301,-0.339622721,0.313492572
ENSG00000172840,0.320266923,0.313533904
ENSG00000126759,-0.280102648,0.313543199
ENSG00000134146,-0.19774566,0.313579873
ENSG00000087589,-0.3326391,0.313601217
ENSG00000080823,0.313498922,0.313681009
ENSG00000183624,0.124522187,0.314203605
ENSG00000142192,-0.245855169,0.314270898
ENSG00000278463,-0.855958819,0.314286047
ENSG00000156298,0.841140161,0.314299879
ENSG00000169032,-0.095053513,0.314339093
ENSG00000124299,-0.158698048,0.314378777
ENSG00000185379,0.20312976,0.314417795
ENSG00000273217,2.913059239,0.314454734
ENSG00000110048,0.109529261,0.314456233
ENSG00000260914,-0.277630169,0.314474734
ENSG00000007541,-0.264640328,0.314554369
ENSG00000051009,-0.184635392,0.314690742
ENSG00000144290,0.882729564,0.314843464
ENSG00000126602,0.177355034,0.314946425
ENSG00000022267,-0.390160451,0.31495866
ENSG00000268861,-0.198553188,0.315222698
ENSG00000137266,0.153462226,0.315330009
ENSG00000099624,-0.180328247,0.315442493
ENSG00000107938,0.099026673,0.315921745
ENSG00000108506,0.193908194,0.315928691
ENSG00000136271,0.127270726,0.315976443
ENSG00000130338,0.189493997,0.315988454
ENSG00000214274,0.511892318,0.316152605
ENSG00000088827,-0.905919771,0.316217213
ENSG00000160714,0.099301851,0.316353619
ENSG00000163519,0.281772083,0.316796893
ENSG00000121774,-0.088177976,0.316899187
ENSG00000221821,-0.360195128,0.316908893
ENSG00000205220,-0.145209615,0.317003231
ENSG00000184207,-0.156899754,0.317026753
ENSG00000204172,-0.39440538,0.317217152
ENSG00000228486,-0.348343459,0.317266638
ENSG00000125835,-0.150269831,0.317308536
ENSG00000132640,-0.251751005,0.317497357
ENSG00000068097,0.192012252,0.317552555
ENSG00000132604,0.140034023,0.317888074
ENSG00000135632,-0.204314769,0.317908503
ENSG00000119866,0.296945256,0.318024977
ENSG00000124762,-0.322348185,0.318034724
ENSG00000172575,0.223845547,0.318129374
ENSG00000165097,-0.193403034,0.318185046
ENSG00000116539,0.131214707,0.318212831
ENSG00000102893,0.110153767,0.318281906
ENSG00000198911,-0.184040234,0.318285182
ENSG00000181826,-0.285862242,0.318329775
ENSG00000185909,-0.406394826,0.318527455
ENSG00000152078,-0.437885253,0.318597171
ENSG00000175449,-0.260750629,0.318667566
ENSG00000119912,0.128436748,0.318780242
ENSG00000105127,-0.125944201,0.318860091
ENSG00000213024,-0.126917767,0.318867932
ENSG00000104951,0.497754651,0.318950917
ENSG00000136854,0.352712609,0.319012899
ENSG00000120798,0.193612296,0.319025165
ENSG00000205339,0.141263063,0.319025236
ENSG00000162526,0.824642373,0.319072112
ENSG00000171408,0.521446099,0.319171345
ENSG00000196357,0.222747324,0.319197979
ENSG00000178226,-0.468659533,0.319251416
ENSG00000186399,-0.394461925,0.319314585
ENSG00000120885,-0.514012724,0.319321401
ENSG00000163902,-0.11468303,0.319394113
ENSG00000093009,-0.807573848,0.319464917
ENSG00000265972,-0.158603966,0.319524696
ENSG00000123143,-0.111799416,0.319585912
ENSG00000162746,-0.35149113,0.319593765
ENSG00000181904,0.136955861,0.319602787
ENSG00000130559,0.143429126,0.319640847
ENSG00000178301,-0.320184408,0.319722611
ENSG00000212993,0.714152963,0.319795247
ENSG00000101442,-0.220947976,0.319805541
ENSG00000176809,-0.337675613,0.319917568
ENSG00000074800,-0.121798768,0.320006724
ENSG00000130775,-0.206415361,0.320322491
ENSG00000256683,0.17283761,0.320471082
ENSG00000108370,-0.534574279,0.320496304
ENSG00000099203,-0.159082597,0.320693062
ENSG00000118520,-0.64781803,0.320766182
ENSG00000178996,-0.208426915,0.320961963
ENSG00000082196,0.267676588,0.321054854
ENSG00000167874,-0.550142382,0.321245631
ENSG00000165732,-0.134127658,0.321314565
ENSG00000117616,0.150034625,0.321363596
ENSG00000112305,0.098083193,0.321451465
ENSG00000136100,0.134587717,0.321509497
ENSG00000180878,0.415699294,0.321512047
ENSG00000119630,-0.558647328,0.321568739
ENSG00000197632,0.623657299,0.321660783
ENSG00000011114,0.146908662,0.321665858
ENSG00000107140,0.189288819,0.321691503
ENSG00000172239,0.196325212,0.321772461
ENSG00000163462,-0.433645613,0.322087617
ENSG00000163754,0.193039789,0.322189063
ENSG00000141985,-0.278107902,0.322289815
ENSG00000124334,-0.431327843,0.322298295
ENSG00000030582,-0.28411159,0.322364794
ENSG00000261832,1.266115515,0.322422209
ENSG00000140157,0.104916625,0.322652497
ENSG00000218891,-0.344399473,0.322699269
ENSG00000110628,-0.344775107,0.322823359
ENSG00000111653,-0.116532993,0.322850381
ENSG00000122121,-0.492001997,0.322967383
ENSG00000114999,0.149673828,0.323070846
ENSG00000158517,-0.300623272,0.323150587
ENSG00000175352,0.434968268,0.323157419
ENSG00000117054,0.220768169,0.323211763
ENSG00000112033,0.228290117,0.323296618
ENSG00000183723,0.207184517,0.323426371
ENSG00000063180,-0.323397504,0.323624334
ENSG00000112893,0.119695344,0.323670645
ENSG00000067141,0.339704699,0.323675758
ENSG00000184575,0.128715385,0.323889864
ENSG00000247595,0.772236195,0.323921954
ENSG00000168152,-0.225963467,0.323946486
ENSG00000072778,-0.135705513,0.323999262
ENSG00000206562,0.181229923,0.324295768
ENSG00000135387,0.069675556,0.324308943
ENSG00000100084,-0.145966221,0.324394174
ENSG00000152061,0.16234106,0.32441244
ENSG00000242372,-0.14645112,0.324442771
ENSG00000134508,-0.461981901,0.324457288
ENSG00000010165,0.141229448,0.324524912
ENSG00000168944,0.117395808,0.324612933
ENSG00000131725,0.113420713,0.324729016
ENSG00000115282,-0.167751796,0.324825611
ENSG00000079335,0.149168549,0.325063644
ENSG00000186994,-0.559109098,0.32510402
ENSG00000157823,0.152915355,0.325104924
ENSG00000166349,0.369839744,0.325283171
ENSG00000100151,-0.207718876,0.325320599
ENSG00000186448,0.197805229,0.32544344
ENSG00000014216,-0.191129761,0.325712589
ENSG00000258555,1.422705518,0.326260715
ENSG00000240505,0.608024556,0.326526146
ENSG00000213977,-0.223514217,0.326589246
ENSG00000170458,-0.355085585,0.326761587
ENSG00000162073,-0.238781319,0.326890517
ENSG00000197153,-0.673317317,0.32693626
ENSG00000129646,0.269949996,0.327008969
ENSG00000175482,-0.153491365,0.327039978
ENSG00000116771,-0.465395415,0.327201085
ENSG00000105058,-0.141531788,0.32727158
ENSG00000010327,-0.325917425,0.327367884
ENSG00000144401,0.185387779,0.327653514
ENSG00000130985,-0.148679368,0.327788695
ENSG00000166483,0.282124558,0.328125716
ENSG00000197381,0.252673541,0.328143874
ENSG00000163006,0.271566501,0.328207332
ENSG00000132465,-0.739289389,0.328266628
ENSG00000160190,0.148266258,0.328424778
ENSG00000083828,-0.176957468,0.328437784
ENSG00000138821,0.185815899,0.328451661
ENSG00000144029,0.145250657,0.328561851
ENSG00000007392,0.186488178,0.328644213
ENSG00000135677,-0.177596595,0.328702921
ENSG00000213398,-0.245309807,0.328727542
ENSG00000196305,-0.157404074,0.328852712
ENSG00000124587,0.282785984,0.329032665
ENSG00000127920,-0.427117169,0.329052988
ENSG00000143412,0.357155841,0.32912425
ENSG00000111142,0.219384674,0.329160783
ENSG00000053918,-0.272756678,0.329185249
ENSG00000188177,0.133266092,0.329223513
ENSG00000186918,0.161024612,0.329246284
ENSG00000174851,-0.163168778,0.329316043
ENSG00000116191,0.198851579,0.32932244
ENSG00000112144,0.170395663,0.329337789
ENSG00000196967,0.166372535,0.329541611
ENSG00000066279,-0.421279653,0.329585072
ENSG00000175115,-0.252485047,0.32973083
ENSG00000227500,-0.161063719,0.329873739
ENSG00000169031,-0.537321036,0.329885298
ENSG00000144468,-0.197409962,0.33001476
ENSG00000044090,-0.184011323,0.330064108
ENSG00000180316,-0.436968585,0.330118119
ENSG00000066422,0.08958983,0.330149631
ENSG00000162616,0.208474103,0.330198633
ENSG00000140932,-0.392694031,0.330243524
ENSG00000168256,0.149294209,0.330297539
ENSG00000176340,-0.150935547,0.330299291
ENSG00000197329,-0.320948589,0.330434757
ENSG00000051108,-0.133391284,0.330625067
ENSG00000141040,0.260958589,0.330731791
ENSG00000133056,0.236946684,0.330796885
ENSG00000148634,0.110326218,0.330979251
ENSG00000122642,-0.366683475,0.331067722
ENSG00000139344,0.392589722,0.331106802
ENSG00000113643,-0.180518889,0.33111214
ENSG00000130584,-0.230703248,0.331122578
ENSG00000184675,0.191597482,0.331328335
ENSG00000172613,0.161623313,0.331337122
ENSG00000248098,-0.328568429,0.331352165
ENSG00000124313,0.317681065,0.331608606
ENSG00000172209,0.291614981,0.331682934
ENSG00000090376,-0.347996293,0.331750571
ENSG00000104129,0.175603786,0.33177979
ENSG00000134970,-0.135414837,0.331846948
ENSG00000104368,-0.470863798,0.33184937
ENSG00000169299,-0.186916091,0.331857642
ENSG00000102606,0.106473314,0.332011711
ENSG00000143344,0.250082716,0.332229704
ENSG00000130021,-0.191073828,0.3323172
ENSG00000100523,0.18408658,0.332317974
ENSG00000167524,-0.311706986,0.332330586
ENSG00000137210,0.197398536,0.332398662
ENSG00000008277,0.235488594,0.332512122
ENSG00000184047,0.12109534,0.332589424
ENSG00000204568,-0.188387014,0.332652831
ENSG00000088833,-0.200656725,0.332673323
ENSG00000109674,-0.360743039,0.33282885
ENSG00000167333,0.159465168,0.332831966
ENSG00000198142,0.499994042,0.33303906
ENSG00000204084,0.174159746,0.333495403
ENSG00000140307,0.1873361,0.333708784
ENSG00000079819,0.209422278,0.333818022
ENSG00000011143,0.290400507,0.333853407
ENSG00000170312,0.79655511,0.333946971
ENSG00000107537,0.376094624,0.333980355
ENSG00000074582,0.259599445,0.334287528
ENSG00000132773,-0.187566865,0.334304428
ENSG00000168874,-0.916874859,0.334369363
ENSG00000074054,0.135741386,0.334370415
ENSG00000003393,0.240231934,0.334540315
ENSG00000165689,0.179533369,0.334545065
ENSG00000162620,0.368339594,0.334547053
ENSG00000213516,0.102066132,0.33455436
ENSG00000204165,0.680515998,0.334566289
ENSG00000011132,-0.134245902,0.334646095
ENSG00000198087,0.208789864,0.334813937
ENSG00000132964,0.196233719,0.334896973
ENSG00000111731,0.096175852,0.334909179
ENSG00000168032,-0.549279472,0.334934613
ENSG00000143919,0.252208133,0.334971053
ENSG00000139675,0.229576901,0.335068416
ENSG00000261796,-0.296209307,0.335107905
ENSG00000171488,0.143251732,0.335111824
ENSG00000229894,-0.43708496,0.335156557
ENSG00000151150,0.338719997,0.335246642
ENSG00000198839,0.195973104,0.335265913
ENSG00000108528,-0.097002809,0.335447975
ENSG00000273611,0.183378398,0.33549442
ENSG00000173678,-0.692123549,0.335510279
ENSG00000124659,0.118272678,0.33551031
ENSG00000110400,-0.475239612,0.335707006
ENSG00000274588,-0.566001414,0.335737372
ENSG00000125741,0.124133079,0.335803569
ENSG00000146674,0.554780798,0.335846751
ENSG00000115840,0.141139669,0.33590698
ENSG00000154330,0.476635372,0.335944978
ENSG00000197375,0.171360692,0.336012141
ENSG00000140400,-0.191488429,0.336027277
ENSG00000113384,0.088942704,0.336122438
ENSG00000183336,-0.200070399,0.336398254
ENSG00000167291,0.349018958,0.336412925
ENSG00000160392,0.172964758,0.33649851
ENSG00000159339,-0.405055988,0.336669713
ENSG00000184371,-0.339909116,0.336689959
ENSG00000185000,-0.17248522,0.336690681
ENSG00000108924,0.398930486,0.337098003
ENSG00000285991,0.447314619,0.337111697
ENSG00000284755,1.942508194,0.337116373
ENSG00000125618,-1.355702688,0.337145203
ENSG00000115970,0.116723765,0.337220847
ENSG00000135709,-0.260548832,0.337344361
ENSG00000175899,0.677998648,0.337402163
ENSG00000142168,0.208793131,0.337605068
ENSG00000123416,-0.155240328,0.337613943
ENSG00000130309,-0.127646055,0.337743733
ENSG00000269711,-1.356381039,0.337825643
ENSG00000165416,0.144886908,0.337877526
ENSG00000213145,0.237702824,0.337905898
ENSG00000124523,0.163885488,0.338091481
ENSG00000013288,-0.132448148,0.338125253
ENSG00000182872,0.090584455,0.338175805
ENSG00000147099,0.242628183,0.338248373
ENSG00000108771,-0.349286736,0.338306804
ENSG00000180596,-0.243258812,0.338333419
ENSG00000139410,0.544830533,0.338368325
ENSG00000165702,-0.334944316,0.338399425
ENSG00000177685,-0.434448962,0.338463317
ENSG00000125485,0.176224881,0.338568075
ENSG00000257594,0.194133514,0.338681608
ENSG00000142684,0.39177675,0.338696131
ENSG00000225973,-0.201343131,0.338736843
ENSG00000125449,0.156872592,0.338842376
ENSG00000185019,-0.142421421,0.338886348
ENSG00000005075,0.213661533,0.338975536
ENSG00000010278,-0.332899278,0.339002219
ENSG00000178502,0.121872987,0.339061826
ENSG00000205707,0.228098352,0.339072005
ENSG00000215712,0.15015447,0.339260531
ENSG00000183010,-0.851795458,0.339322207
ENSG00000001167,0.134674992,0.339334375
ENSG00000122335,0.135112297,0.339451264
ENSG00000163348,0.12128183,0.339453963
ENSG00000143756,0.103664843,0.339520188
ENSG00000143436,0.208249865,0.339558331
ENSG00000089639,-0.213884884,0.339761055
ENSG00000166167,0.130367858,0.339761728
ENSG00000066322,-0.089963579,0.339767789
ENSG00000285942,1.496985525,0.33997475
ENSG00000137601,0.166680269,0.340166498
ENSG00000112137,-0.251400602,0.340171575
ENSG00000197785,-0.226277437,0.340422569
ENSG00000167723,-0.599009942,0.340456052
ENSG00000177169,-0.298348206,0.340472337
ENSG00000081320,-0.158961729,0.340564665
ENSG00000174306,-0.138515607,0.340692716
ENSG00000164654,0.130827399,0.340701227
ENSG00000047932,0.133069717,0.34072022
ENSG00000017260,-0.079857287,0.340814524
ENSG00000197566,0.2620008,0.34090653
ENSG00000166949,0.14501261,0.340941695
ENSG00000082293,0.445809648,0.340958473
ENSG00000099889,-0.482251709,0.340985116
ENSG00000162063,0.246648939,0.340990141
ENSG00000175198,-0.221217986,0.341032864
ENSG00000126246,-0.133487828,0.34111381
ENSG00000132122,-0.297745127,0.341159401
ENSG00000148296,-0.122128919,0.341258601
ENSG00000170631,0.197980662,0.341271755
ENSG00000165046,0.309085761,0.341306491
ENSG00000088986,0.233098701,0.341348043
ENSG00000244754,0.10278315,0.34145726
ENSG00000109220,-0.156052621,0.34162022
ENSG00000132405,-0.251842398,0.341624697
ENSG00000157184,-0.11040647,0.341881963
ENSG00000235173,-0.165314351,0.341905569
ENSG00000163539,0.108409571,0.341968902
ENSG00000166004,-0.142085067,0.342026955
ENSG00000163735,-0.490679421,0.34204846
ENSG00000100941,0.130015231,0.342075656
ENSG00000163481,-0.155438186,0.342094204
ENSG00000138750,0.152920495,0.342327652
ENSG00000155463,-0.109651055,0.342349896
ENSG00000148459,0.216790123,0.342415356
ENSG00000169249,-0.178697839,0.342420784
ENSG00000267385,-0.691032527,0.342489039
ENSG00000130772,0.169807302,0.342516139
ENSG00000117676,-0.162566342,0.342602095
ENSG00000176749,-0.390293473,0.342602213
ENSG00000204410,-0.263174262,0.342602225
ENSG00000147576,-0.270992828,0.342937733
ENSG00000130856,0.128691302,0.343250423
ENSG00000138798,-0.542110882,0.343289008
ENSG00000159884,0.272414019,0.343331765
ENSG00000063660,0.279877305,0.343351206
ENSG00000126107,0.231169814,0.343417067
ENSG00000135912,-0.193007634,0.343441984
ENSG00000108784,0.189912887,0.343446774
ENSG00000159788,0.21104029,0.343512594
ENSG00000243660,0.187183237,0.343665676
ENSG00000118503,-0.210676571,0.343827506
ENSG00000126603,0.517772008,0.343958783
ENSG00000170915,0.151375054,0.343968455
ENSG00000177947,0.359400285,0.344001113
ENSG00000172409,-0.160718417,0.344221588
ENSG00000197982,-0.245101268,0.344254728
ENSG00000105983,0.1185692,0.344286793
ENSG00000070882,-0.210436384,0.344348404
ENSG00000184432,0.09346056,0.344433146
ENSG00000057252,0.102633337,0.344536126
ENSG00000133059,0.088446511,0.344582249
ENSG00000088930,-0.147021261,0.344788208
ENSG00000196422,0.277394656,0.344794089
ENSG00000135898,0.247339631,0.344812138
ENSG00000127334,0.167597849,0.344944152
ENSG00000018280,-0.363241925,0.34514284
ENSG00000142208,-0.132630844,0.345206561
ENSG00000100490,-0.304706303,0.345268513
ENSG00000187796,-0.220521214,0.345272445
ENSG00000178445,-1.094545484,0.345338814
ENSG00000196172,0.324215302,0.34540561
ENSG00000080839,0.183578794,0.345440978
ENSG00000166148,0.393703007,0.345576719
ENSG00000023445,0.262574632,0.34560172
ENSG00000166888,-0.1976873,0.345864647
ENSG00000226742,0.253333462,0.345953523
ENSG00000162929,0.226024041,0.346120139
ENSG00000012061,-0.11808709,0.346163483
ENSG00000189241,0.160691497,0.346283587
ENSG00000182511,-0.256872264,0.346331547
ENSG00000165572,0.172310474,0.346434797
ENSG00000135723,-0.134589821,0.34653048
ENSG00000167323,-0.1126511,0.346548043
ENSG00000079313,-0.184460658,0.346708975
ENSG00000122641,0.840615914,0.346904202
ENSG00000188372,-0.503991194,0.346993233
ENSG00000011021,0.184472175,0.34705824
ENSG00000164855,-0.353755091,0.347116376
ENSG00000167700,-0.290310163,0.347194025
ENSG00000135341,0.095423291,0.347238385
ENSG00000163704,0.223882278,0.347269101
ENSG00000179331,-0.335233255,0.347277611
ENSG00000198843,-0.136749291,0.347413247
ENSG00000166507,-0.127406029,0.347608895
ENSG00000167977,-0.103851322,0.347614683
ENSG00000179934,0.347107061,0.347647789
ENSG00000175779,0.459795083,0.347704622
ENSG00000116704,0.145903065,0.347732862
ENSG00000123427,0.325734861,0.347898333
ENSG00000106266,0.175270079,0.348303677
ENSG00000183688,-0.251547575,0.34831956
ENSG00000106484,-0.30026026,0.348382097
ENSG00000174370,-0.446358642,0.348423344
ENSG00000243147,0.254535096,0.348444866
ENSG00000169255,-0.504432151,0.348508583
ENSG00000065618,-0.290990927,0.34859626
ENSG00000261915,-1.175877566,0.348629704
ENSG00000104472,-0.117926349,0.34869845
ENSG00000130702,0.473394024,0.348750685
ENSG00000169223,-0.102305226,0.348766596
ENSG00000118922,0.196135233,0.348787843
ENSG00000215883,0.222945767,0.3488333
ENSG00000164329,0.08569054,0.348868056
ENSG00000167566,-0.256069225,0.348895985
ENSG00000188986,-0.141215823,0.348910862
ENSG00000123352,-0.280306916,0.348918064
ENSG00000159479,-0.098074871,0.34903797
ENSG00000162928,0.125036279,0.349102018
ENSG00000105717,-0.309959981,0.349130383
ENSG00000079999,-0.116023181,0.349163691
ENSG00000169715,-0.528342903,0.349249387
ENSG00000161911,-0.544626898,0.349310453
ENSG00000197021,0.165921918,0.34953209
ENSG00000087448,0.181550007,0.349696114
ENSG00000100292,-0.231583902,0.349712537
ENSG00000121895,0.300530755,0.349895827
ENSG00000111581,0.144832977,0.350011445
ENSG00000122085,0.156295522,0.350063547
ENSG00000132432,-0.27552698,0.350169525
ENSG00000100241,-0.108846974,0.350173849
ENSG00000274276,1.052163459,0.350336963
ENSG00000102144,-0.142644716,0.350351976
ENSG00000129173,0.603130734,0.350369336
ENSG00000177432,-0.236618312,0.350664489
ENSG00000116095,0.133162133,0.35089889
ENSG00000213672,-0.200596778,0.35092075
ENSG00000137500,0.180346153,0.351194393
ENSG00000033030,0.096797163,0.351254052
ENSG00000102858,-0.246996202,0.351411668
ENSG00000132436,0.19241056,0.351514195
ENSG00000113851,0.134532394,0.351514873
ENSG00000167553,-0.238069069,0.351602997
ENSG00000171049,-0.340540111,0.35164605
ENSG00000131148,0.109887205,0.351686775
ENSG00000167703,-0.304349156,0.351688299
ENSG00000115350,0.214939101,0.35180385
ENSG00000144791,0.143693907,0.352001094
ENSG00000150991,-0.155444308,0.352005672
ENSG00000121989,0.159440164,0.352006822
ENSG00000141644,0.076676915,0.352187559
ENSG00000159231,-0.509269247,0.352258828
ENSG00000115507,0.696386353,0.352332306
ENSG00000007923,0.136404891,0.352423629
ENSG00000205937,0.110305123,0.352475402
ENSG00000164512,-0.47583929,0.35257071
ENSG00000134287,-0.18465664,0.352712963
ENSG00000243156,0.201566165,0.352854434
ENSG00000063015,0.347821448,0.352922815
ENSG00000044115,-0.182987977,0.353041486
ENSG00000127837,0.104008178,0.353218929
ENSG00000148344,-0.861442151,0.353432035
ENSG00000075399,-0.264565632,0.353449541
ENSG00000138594,0.072359194,0.353460162
ENSG00000184903,0.204635084,0.353607161
ENSG00000088035,0.14247188,0.353761819
ENSG00000164053,-0.130456703,0.353965825
ENSG00000225190,-0.186562223,0.353990301
ENSG00000168439,0.139426146,0.354095313
ENSG00000143537,-0.175159405,0.354098922
ENSG00000166261,0.187789639,0.354130091
ENSG00000164010,-0.227839855,0.354242916
ENSG00000196781,-0.30470397,0.354307641
ENSG00000137496,-0.216773933,0.354392906
ENSG00000111254,-0.538425435,0.35443748
ENSG00000150672,-0.418847897,0.35445515
ENSG00000185359,-0.146746263,0.35446465
ENSG00000154473,0.166239094,0.354601187
ENSG00000139626,-0.199844941,0.35460871
ENSG00000186265,0.315207503,0.354678406
ENSG00000048707,0.142146299,0.354680728
ENSG00000135637,0.152089736,0.354788315
ENSG00000198945,0.160413405,0.354790526
ENSG00000107819,0.158075678,0.354937478
ENSG00000077721,0.092845091,0.35508501
ENSG00000159403,0.396873686,0.355097665
ENSG00000175040,-0.300099465,0.35515453
ENSG00000141542,-0.295663084,0.355161958
ENSG00000204427,-0.135578642,0.355174718
ENSG00000240184,-0.518978177,0.35523219
ENSG00000175344,0.729283079,0.355243197
ENSG00000128534,0.140143976,0.355445195
ENSG00000157445,0.401284665,0.355573956
ENSG00000119681,-0.253094966,0.355586573
ENSG00000147955,-0.151236804,0.356090556
ENSG00000103226,-0.209533164,0.356113946
ENSG00000283228,1.632910982,0.35634094
ENSG00000214413,0.153700409,0.356468983
ENSG00000128708,0.154745508,0.356499218
ENSG00000124942,0.209130003,0.356505075
ENSG00000031691,0.624887201,0.356597422
ENSG00000150779,0.2501079,0.356615503
ENSG00000087087,-0.108870806,0.356725918
ENSG00000064999,-0.172072665,0.356789576
ENSG00000177990,0.68555309,0.356863274
ENSG00000138658,-0.184297889,0.356941998
ENSG00000112473,-0.107266389,0.357016904
ENSG00000048544,0.153795262,0.357026719
ENSG00000100124,-0.155694075,0.357073624
ENSG00000186523,0.51129515,0.357324911
ENSG00000135378,0.332634108,0.357339956
ENSG00000104856,-0.282399252,0.357372991
ENSG00000148700,-0.107395773,0.357404279
ENSG00000150433,0.14108669,0.357443461
ENSG00000204564,-0.229224148,0.357505996
ENSG00000164663,0.136949626,0.357609563
ENSG00000105176,0.188112783,0.35760957
ENSG00000163785,0.125249325,0.357667083
ENSG00000186166,-0.167738664,0.35772301
ENSG00000184731,0.785911865,0.357804707
ENSG00000105254,-0.142679195,0.358015397
ENSG00000143158,0.187343222,0.358024532
ENSG00000085274,0.122875176,0.358170358
ENSG00000076554,0.271243419,0.358378266
ENSG00000139644,-0.14144752,0.358503269
ENSG00000184226,0.273264114,0.358535299
ENSG00000025293,0.082865582,0.358585134
ENSG00000101335,-0.622433504,0.358725966
ENSG00000164087,-0.495369601,0.359181074
ENSG00000100644,-0.215462903,0.359423497
ENSG00000112149,0.213090087,0.359474918
ENSG00000097007,0.146588994,0.359543656
ENSG00000119013,0.286479519,0.359725171
ENSG00000141854,-0.322976608,0.359791442
ENSG00000165886,-0.345921166,0.359851546
ENSG00000122970,0.289626596,0.359855586
ENSG00000101017,0.248577253,0.359926674
ENSG00000125503,-0.11915948,0.359964188
ENSG00000075073,-0.368853631,0.359965011
ENSG00000135482,0.086095297,0.360259571
ENSG00000068354,-0.175051497,0.360334122
ENSG00000162542,0.174819811,0.360382434
ENSG00000116786,-0.141455039,0.360436627
ENSG00000148688,-0.165721907,0.360447743
ENSG00000185619,0.110304006,0.360684711
ENSG00000178015,0.515387959,0.360753889
ENSG00000147654,0.211124468,0.360955798
ENSG00000113721,-0.71264401,0.360980216
ENSG00000128266,-0.448860709,0.36102919
ENSG00000138101,-0.154159551,0.361102949
ENSG00000154124,0.094842672,0.36111158
ENSG00000164898,-0.318102711,0.361157609
ENSG00000168255,-0.32903512,0.361220811
ENSG00000169247,-0.454578305,0.361264988
ENSG00000283930,0.189902769,0.361303944
ENSG00000149115,0.213140907,0.361318571
ENSG00000082805,0.18781552,0.361383843
ENSG00000172243,-0.272499112,0.361653854
ENSG00000169641,0.161876068,0.361664612
ENSG00000243989,-0.229492624,0.361874056
ENSG00000100417,-0.177839587,0.361908493
ENSG00000275714,-0.328679931,0.362074401
ENSG00000166896,-0.335536644,0.362393094
ENSG00000172716,0.150788739,0.36244953
ENSG00000258102,0.538236833,0.362528348
ENSG00000130300,-0.4771997,0.362547063
ENSG00000269743,0.196149959,0.36267364
ENSG00000146776,-0.212606507,0.362795997
ENSG00000133195,-0.166988454,0.362805449
ENSG00000103197,-0.169251017,0.362900354
ENSG00000236104,0.122678285,0.363057221
ENSG00000135318,0.271603969,0.36308739
ENSG00000197056,0.161220346,0.36317157
ENSG00000100197,-0.440953114,0.363339989
ENSG00000253537,-0.513867576,0.363368819
ENSG00000178105,-0.173519849,0.363374968
ENSG00000239789,-0.22872114,0.363393108
ENSG00000120049,0.37561901,0.363425017
ENSG00000185272,-0.660679719,0.363711274
ENSG00000150907,0.152496357,0.363756726
ENSG00000175984,0.251132728,0.363868228
ENSG00000070610,-0.09491832,0.36389228
ENSG00000187105,-0.492369791,0.363921598
ENSG00000033327,-0.291910093,0.36393418
ENSG00000284922,-0.832101809,0.364081246
ENSG00000257524,0.308686911,0.364136118
ENSG00000167637,0.177392915,0.364200679
ENSG00000065600,0.163688284,0.364291323
ENSG00000187735,0.173035662,0.364350481
ENSG00000153093,-0.763735907,0.364551235
ENSG00000177301,0.276366535,0.364645586
ENSG00000118971,0.209670512,0.364665278
ENSG00000037757,-0.157633506,0.364703512
ENSG00000105821,0.15224019,0.364740562
ENSG00000113456,0.179491089,0.364766859
ENSG00000067955,0.120479934,0.364887745
ENSG00000132485,0.146696287,0.36491589
ENSG00000196670,0.173461318,0.364934079
ENSG00000144677,-0.403227059,0.365067388
ENSG00000134262,0.154756083,0.365170576
ENSG00000165521,0.253842626,0.365179365
ENSG00000166477,0.190211884,0.365184893
ENSG00000162650,-0.190970761,0.365222644
ENSG00000134748,0.107946987,0.365756443
ENSG00000058804,-0.129343387,0.36584321
ENSG00000095139,0.06435167,0.365861926
ENSG00000213523,-0.137826634,0.365871583
ENSG00000185298,-0.154249767,0.36594184
ENSG00000232268,0.405908066,0.365981207
ENSG00000186088,-0.155721858,0.366021698
ENSG00000217555,-0.224421396,0.366056317
ENSG00000104299,0.105875112,0.366154794
ENSG00000168298,-0.177177544,0.366334825
ENSG00000179922,-0.2143369,0.366444464
ENSG00000113569,0.117388934,0.366449866
ENSG00000179526,-0.316798906,0.366726057
ENSG00000181090,-0.12486223,0.366855641
ENSG00000091181,-0.571802773,0.366881091
ENSG00000136891,0.142759583,0.366977014
ENSG00000023608,-0.260950852,0.367018824
ENSG00000205138,0.183975589,0.367170558
ENSG00000136936,0.184264909,0.367199575
ENSG00000163430,-0.517785304,0.367401938
ENSG00000119723,0.19419521,0.367544415
ENSG00000141522,-0.108592614,0.367605718
ENSG00000092020,-0.160751732,0.367723981
ENSG00000111237,0.108153227,0.367791332
ENSG00000124733,-0.166863696,0.36787447
ENSG00000143819,-0.294659785,0.367978807
ENSG00000011198,-0.304287406,0.367998077
ENSG00000154144,0.097936547,0.368065651
ENSG00000116455,-0.141878148,0.368086886
ENSG00000083307,-0.472749492,0.368216744
ENSG00000158428,-0.412935737,0.368239969
ENSG00000132613,-0.780253079,0.368276419
ENSG00000141579,-0.493043223,0.368361266
ENSG00000197540,-0.270292348,0.368534324
ENSG00000152952,-0.531417822,0.368562641
ENSG00000160446,-0.164655017,0.36858668
ENSG00000189420,0.204656186,0.368785161
ENSG00000129667,-0.157645756,0.368793282
ENSG00000092200,-0.268402436,0.368906884
ENSG00000149483,-0.130420371,0.369109715
ENSG00000184357,-0.492644431,0.369145223
ENSG00000116147,0.747856194,0.369158818
ENSG00000137806,-0.17762427,0.369284882
ENSG00000152465,0.211907768,0.369615362
ENSG00000108091,0.119442064,0.369713272
ENSG00000188818,0.536501279,0.369753941
ENSG00000175536,-0.542334686,0.369776876
ENSG00000132680,0.080970715,0.369829937
ENSG00000250722,0.445272511,0.369906269
ENSG00000136379,0.378294936,0.370121638
ENSG00000203667,0.118248759,0.370198718
ENSG00000107771,0.146849096,0.370246455
ENSG00000157388,-0.372771094,0.370429023
ENSG00000163281,0.18160088,0.370455539
ENSG00000149930,-0.113957993,0.370560199
ENSG00000166387,0.175499684,0.370563432
ENSG00000167996,-0.223278914,0.370568145
ENSG00000141376,0.152532906,0.370658516
ENSG00000163687,-0.618591508,0.370890212
ENSG00000156017,0.191064996,0.371121949
ENSG00000078403,0.135457561,0.371273736
ENSG00000196839,0.245038398,0.371328668
ENSG00000247596,-0.1506523,0.371378674
ENSG00000156983,0.101662415,0.371528781
ENSG00000130005,-0.395132555,0.371557898
ENSG00000172568,1.05473827,0.371589792
ENSG00000177200,0.121082615,0.371661189
ENSG00000133997,0.099800181,0.371676539
ENSG00000179943,-0.150396737,0.371844659
ENSG00000178397,0.177407749,0.372060327
ENSG00000106367,0.251593248,0.372077902
ENSG00000113790,0.323822521,0.372177129
ENSG00000100031,-0.226691796,0.372348023
ENSG00000164082,-0.45912462,0.372386896
ENSG00000143322,0.149064534,0.372403849
ENSG00000198894,0.160739427,0.372443373
ENSG00000137726,-0.30677909,0.372466068
ENSG00000102871,0.164294412,0.372541325
ENSG00000157259,0.141731266,0.372772841
ENSG00000198612,0.156134614,0.372896442
ENSG00000141577,-0.20894841,0.373366787
ENSG00000204444,0.200649142,0.373592035
ENSG00000183484,0.108460989,0.373689848
ENSG00000122779,0.121429071,0.373744986
ENSG00000283515,0.876005629,0.37382734
ENSG00000197646,0.397199846,0.373900422
ENSG00000163874,0.113850826,0.37399491
ENSG00000151353,0.136198491,0.37417695
ENSG00000237649,-0.514298397,0.374188095
ENSG00000033867,0.244385483,0.374282925
ENSG00000256029,0.296115612,0.374359807
ENSG00000163293,-0.53088618,0.374362441
ENSG00000197451,-0.116897862,0.374424607
ENSG00000140043,-0.444807682,0.374424894
ENSG00000214226,0.281883657,0.374593741
ENSG00000167508,-0.215573265,0.374658371
ENSG00000251192,0.183822743,0.374744535
ENSG00000111669,-0.117522271,0.374925657
ENSG00000163110,-0.071996134,0.374975295
ENSG00000132716,0.087417551,0.375023556
ENSG00000108654,0.112838841,0.375057297
ENSG00000002016,0.150114685,0.375127478
ENSG00000105726,-0.135656486,0.375144108
ENSG00000143153,0.251234512,0.375309605
ENSG00000189339,-0.123936353,0.375314757
ENSG00000169991,0.199445968,0.375425874
ENSG00000196547,-0.241713568,0.375511946
ENSG00000141401,-0.334059418,0.375544421
ENSG00000074842,-0.207173606,0.375664892
ENSG00000167604,-0.136230959,0.375673346
ENSG00000171806,0.24234176,0.375707997
ENSG00000198015,0.121395957,0.37585086
ENSG00000130589,-0.296475203,0.375931944
ENSG00000115896,0.301256325,0.375990096
ENSG00000131943,0.17117407,0.376137307
ENSG00000125814,0.172269123,0.376194287
ENSG00000246922,0.25200163,0.376260118
ENSG00000106351,0.162960301,0.376363682
ENSG00000072135,-0.103527591,0.376439753
ENSG00000172216,-0.318869328,0.376449209
ENSG00000106588,-0.201885004,0.376454635
ENSG00000181929,-0.140299023,0.376467912
ENSG00000154548,0.32227233,0.376572067
ENSG00000183054,0.842697124,0.376673668
ENSG00000198721,0.145602096,0.376681715
ENSG00000198081,0.164246713,0.376755808
ENSG00000106348,-0.243023026,0.376765691
ENSG00000138629,-0.284445067,0.376915932
ENSG00000110721,-0.210865538,0.376927794
ENSG00000106397,-0.13859297,0.377054937
ENSG00000042062,0.215085716,0.377059888
ENSG00000166501,-0.095461815,0.37733901
ENSG00000168386,-0.261248341,0.377364777
ENSG00000005007,-0.173402582,0.377589028
ENSG00000091622,-0.502465221,0.377651607
ENSG00000123685,0.39252317,0.377720414
ENSG00000173210,-0.474354029,0.37773724
ENSG00000149243,0.36604299,0.377826954
ENSG00000142669,-0.184985732,0.377918429
ENSG00000168995,-0.260034607,0.378031201
ENSG00000135679,-0.15944342,0.378097942
ENSG00000138311,0.492487545,0.378138418
ENSG00000196872,-0.433655202,0.378185461
ENSG00000214694,-0.279714138,0.378311454
ENSG00000117222,0.076556093,0.378338282
ENSG00000152133,0.170774089,0.378446338
ENSG00000105404,-0.152115364,0.378494762
ENSG00000092929,-0.162192889,0.378497701
ENSG00000125971,-0.139062387,0.378502523
ENSG00000086015,0.198748696,0.378559886
ENSG00000157450,0.125669641,0.378603742
ENSG00000139734,-0.357460571,0.378817713
ENSG00000011275,-0.083272978,0.378952574
ENSG00000172673,0.383245849,0.379026632
ENSG00000160818,-0.184846318,0.379106203
ENSG00000142751,-0.114512266,0.379111997
ENSG00000197774,-0.186703595,0.379114855
ENSG00000141933,-0.154391748,0.379202214
ENSG00000124459,0.157654539,0.379288866
ENSG00000101882,0.136411702,0.379481808
ENSG00000176160,-0.375855692,0.379590544
ENSG00000169193,-0.190181194,0.379759482
ENSG00000133858,0.159847499,0.379873128
ENSG00000181804,0.13147157,0.379884641
ENSG00000176022,-0.15441043,0.379929648
ENSG00000117115,-0.47913814,0.379940779
ENSG00000027697,-0.238544711,0.380091074
ENSG00000153208,-0.462606751,0.380125801
ENSG00000173812,-0.184676212,0.380126735
ENSG00000171497,0.11974026,0.380127302
ENSG00000127530,-0.540554544,0.380132528
ENSG00000149716,0.12646901,0.380226235
ENSG00000155016,0.171526784,0.380254382
ENSG00000151718,0.259420061,0.380359201
ENSG00000080561,0.442956971,0.380434446
ENSG00000137804,-0.270776933,0.380452951
ENSG00000064763,0.168263957,0.380511092
ENSG00000125531,0.522028308,0.38054785
ENSG00000103510,-0.127680555,0.380571953
ENSG00000224051,-0.136895116,0.380584803
ENSG00000130349,0.246861667,0.380659162
ENSG00000116691,-0.224577058,0.380670001
ENSG00000187066,-0.255979913,0.380698918
ENSG00000130479,-0.20019285,0.380705715
ENSG00000081913,0.195518878,0.380736095
ENSG00000158717,-0.137400299,0.380969818
ENSG00000143771,0.096496776,0.38100055
ENSG00000204713,0.106909492,0.381179133
ENSG00000066583,0.172286355,0.381220675
ENSG00000163516,-0.122850216,0.381252379
ENSG00000136869,-0.344005538,0.381365965
ENSG00000005249,-0.389958571,0.38153061
ENSG00000256060,-0.417074713,0.3815354
ENSG00000172817,-0.742769694,0.381569003
ENSG00000172264,0.496904067,0.381609158
ENSG00000187134,-0.530903447,0.381717686
ENSG00000101166,0.134265093,0.38191506
ENSG00000137760,-0.206272561,0.381921667
ENSG00000090432,0.119363933,0.382075168
ENSG00000118939,-0.221318248,0.382159732
ENSG00000169704,-0.527409529,0.382181569
ENSG00000100749,-0.22740515,0.382213813
ENSG00000140280,0.219384725,0.382226176
ENSG00000277586,0.409184227,0.382316918
ENSG00000156958,0.109837312,0.382382661
ENSG00000185013,0.383904902,0.382400826
ENSG00000072274,-0.264748283,0.382484373
ENSG00000100721,0.407987486,0.382657268
ENSG00000167207,-0.317206366,0.382713409
ENSG00000285043,0.366658539,0.382736558
ENSG00000147592,0.297743397,0.382784905
ENSG00000137074,0.165190568,0.382875153
ENSG00000188582,-0.605474053,0.382981189
ENSG00000250510,-0.551230806,0.38298412
ENSG00000111530,0.112593213,0.38305151
ENSG00000180822,0.149178302,0.383268549
ENSG00000050438,-0.258311661,0.383360329
ENSG00000178761,0.150244385,0.383404499
ENSG00000160447,-0.360025444,0.383423971
ENSG00000175137,-0.167831382,0.383503113
ENSG00000105948,-0.656571785,0.38368091
ENSG00000167395,-0.127534987,0.383770498
ENSG00000067191,-0.220486445,0.3838414
ENSG00000156976,0.13376925,0.383986907
ENSG00000137801,-0.384600357,0.384050579
ENSG00000159363,-0.130099994,0.384108436
ENSG00000157554,-0.63112625,0.384232526
ENSG00000198937,0.389041145,0.384242679
ENSG00000197465,-0.556259453,0.384498955
ENSG00000100532,0.182392056,0.384509901
ENSG00000108953,-0.106815899,0.384518069
ENSG00000119401,-0.166425808,0.384781893
ENSG00000086570,0.359804597,0.384824109
ENSG00000075790,0.134994319,0.384927026
ENSG00000145734,0.134209149,0.384991969
ENSG00000126814,0.154716954,0.385099157
ENSG00000179820,0.282218484,0.38514224
ENSG00000135823,0.114612034,0.385213697
ENSG00000083814,0.186597587,0.385414719
ENSG00000177873,0.122159846,0.38562771
ENSG00000131400,-0.272636547,0.385762215
ENSG00000103550,-0.154194277,0.385838211
ENSG00000224531,0.192459337,0.38591307
ENSG00000155729,0.115345538,0.385958071
ENSG00000171681,0.116382665,0.386158022
ENSG00000183431,0.115380597,0.386266109
ENSG00000174137,-0.38811978,0.386269469
ENSG00000165029,-0.326099283,0.386286142
ENSG00000068697,0.147242892,0.386547822
ENSG00000162461,-0.41924551,0.386647932
ENSG00000055147,0.108228532,0.386666052
ENSG00000118412,0.118955678,0.387001057
ENSG00000134265,0.10722689,0.387062058
ENSG00000055163,-0.100392284,0.387072547
ENSG00000144559,0.215242196,0.387082155
ENSG00000276070,-0.48009795,0.38711823
ENSG00000250565,-0.199096064,0.387177826
ENSG00000130724,-0.194542839,0.387189933
ENSG00000183785,-0.334062049,0.387208062
ENSG00000132570,0.156033597,0.387262552
ENSG00000179151,-0.136595482,0.387270767
ENSG00000102743,-0.263755664,0.387318884
ENSG00000173715,0.218119259,0.387339166
ENSG00000198598,0.383319873,0.387366284
ENSG00000146070,0.304158612,0.387721629
ENSG00000126264,-0.199723844,0.387783195
ENSG00000176986,-0.089906608,0.387946504
ENSG00000178053,0.577097112,0.387961211
ENSG00000065613,0.089696587,0.38797154
ENSG00000197061,-0.250894444,0.388218177
ENSG00000229314,-0.649859628,0.388322246
ENSG00000176472,-0.393868032,0.388371308
ENSG00000285713,0.68094863,0.388393923
ENSG00000112486,0.653720711,0.388403413
ENSG00000173852,0.213418555,0.388434468
ENSG00000145431,-0.237139478,0.388514271
ENSG00000123610,-0.491146299,0.388572645
ENSG00000086062,-0.143005804,0.388587736
ENSG00000278224,0.579157015,0.388614955
ENSG00000143847,0.410108524,0.388617525
ENSG00000233436,0.243095034,0.388790131
ENSG00000114473,0.194272029,0.388849062
ENSG00000273802,-0.23827985,0.388857104
ENSG00000140848,-0.275611655,0.388971085
ENSG00000068976,-0.212154691,0.389025897
ENSG00000123095,-0.54709822,0.389077849
ENSG00000198862,0.084312296,0.389098075
ENSG00000108375,-0.247172701,0.389247898
ENSG00000197599,-0.56804513,0.389265721
ENSG00000127152,0.198108696,0.389272895
ENSG00000103150,0.133965826,0.389403805
ENSG00000100442,0.194789546,0.389473633
ENSG00000153395,-0.132036892,0.389500492
ENSG00000124257,0.831830387,0.3897029
ENSG00000010704,0.202422181,0.389928837
ENSG00000124731,-0.321955398,0.390148653
ENSG00000100258,-0.144516699,0.390237888
ENSG00000189337,-1.214264019,0.390289636
ENSG00000130150,-0.260697247,0.390837475
ENSG00000198380,0.151533677,0.390971469
ENSG00000196247,0.246863906,0.391080267
ENSG00000115233,0.217347172,0.39126152
ENSG00000145715,0.085236202,0.391369862
ENSG00000162398,-0.5334886,0.391507849
ENSG00000168297,-0.17834021,0.39156841
ENSG00000176974,0.167726908,0.391570908
ENSG00000166912,-0.185960317,0.391723223
ENSG00000136167,-0.138316113,0.391758943
ENSG00000254122,-0.530671715,0.3918379
ENSG00000120333,0.14010405,0.391886362
ENSG00000213722,-0.177774041,0.392248738
ENSG00000188938,-0.093710064,0.392272727
ENSG00000177272,0.179689499,0.39227856
ENSG00000188223,1.017248376,0.392307807
ENSG00000151458,-0.237918331,0.392477863
ENSG00000131473,-0.081874459,0.392504456
ENSG00000183323,-0.211710338,0.392508962
ENSG00000276085,-0.496938336,0.392544334
ENSG00000167434,-0.552192218,0.392643396
ENSG00000166965,-0.210773511,0.393006542
ENSG00000111269,0.097763028,0.393134127
ENSG00000168528,-0.52977889,0.393191758
ENSG00000274211,0.110462285,0.393237524
ENSG00000181450,0.243729329,0.393248653
ENSG00000155189,-0.159409723,0.393380375
ENSG00000119403,0.142263615,0.393419646
ENSG00000185880,0.158866692,0.39346149
ENSG00000180071,-0.627374082,0.393475259
ENSG00000274559,-0.591314313,0.393479489
ENSG00000092199,0.095717726,0.393578751
ENSG00000162694,0.240884516,0.393611113
ENSG00000167600,0.380587929,0.393629011
ENSG00000099785,-0.343044811,0.393796787
ENSG00000204520,0.255715033,0.393834842
ENSG00000171169,0.141273188,0.394046987
ENSG00000155906,0.152334111,0.394050625
ENSG00000076248,0.200110737,0.394057876
ENSG00000137692,-0.177023874,0.394067128
ENSG00000187239,0.069739693,0.39427208
ENSG00000114529,0.314545976,0.394338125
ENSG00000102053,0.241082284,0.394464372
ENSG00000144827,0.175752563,0.394725838
ENSG00000126461,-0.190530511,0.394834304
ENSG00000167680,-0.543856431,0.39484261
ENSG00000239697,0.139060261,0.394864361
ENSG00000012822,-0.137876289,0.39502984
ENSG00000169371,-0.177853254,0.39503708
ENSG00000240891,0.279206566,0.395048623
ENSG00000164506,-0.146355783,0.395052204
ENSG00000181722,0.15395326,0.395055476
ENSG00000126012,-0.111595724,0.395062586
ENSG00000250312,0.172880468,0.395170589
ENSG00000205464,-0.457457281,0.395376542
ENSG00000100201,0.091826494,0.395400882
ENSG00000171612,0.245593856,0.395451272
ENSG00000185158,0.12406818,0.395509752
ENSG00000185245,-0.401736949,0.395553715
ENSG00000183718,0.124252795,0.395555101
ENSG00000166136,-0.140070991,0.395693015
ENSG00000177674,-0.157488743,0.395816126
ENSG00000173212,-0.572224218,0.395878541
ENSG00000130311,-0.107970878,0.395886737
ENSG00000111412,0.111176025,0.395887813
ENSG00000148356,-0.122480479,0.395992343
ENSG00000134825,-0.151665354,0.396033416
ENSG00000091490,0.172271549,0.396286906
ENSG00000018408,-0.375731436,0.396287556
ENSG00000163877,-0.08024149,0.396340621
ENSG00000110031,0.11877171,0.396418304
ENSG00000188000,-0.904421557,0.396421512
ENSG00000168118,0.127644101,0.39654878
ENSG00000121741,0.102088464,0.396611157
ENSG00000214944,-0.670388132,0.396659648
ENSG00000035862,-0.265549687,0.396678874
ENSG00000185896,-0.129103712,0.396742093
ENSG00000151023,-0.297799317,0.39678336
ENSG00000114779,-0.139581711,0.397013246
ENSG00000180353,-0.146754312,0.397123072
ENSG00000167258,0.112210145,0.397150677
ENSG00000174574,0.126446972,0.397250127
ENSG00000186625,0.132247326,0.397285376
ENSG00000142528,0.115371639,0.397421982
ENSG00000092330,-0.080739008,0.397579215
ENSG00000175595,0.112438755,0.397737169
ENSG00000144647,0.248680445,0.397740211
ENSG00000155714,-0.405921355,0.397820933
ENSG00000074657,0.225897415,0.397932476
ENSG00000178252,0.128976895,0.397952753
ENSG00000141096,-0.350946828,0.397957793
ENSG00000124541,0.11846682,0.398156416
ENSG00000168994,-0.295374731,0.398291679
ENSG00000090020,-0.275656722,0.398474324
ENSG00000119862,-0.453655423,0.39847488
ENSG00000114480,-0.154522314,0.39848712
ENSG00000206053,0.152295694,0.398602648
ENSG00000177105,-0.188461047,0.398661587
ENSG00000111325,0.158345533,0.398869269
ENSG00000153443,-0.236262507,0.398890291
ENSG00000108448,-0.299826413,0.398938382
ENSG00000118596,0.155456265,0.399197124
ENSG00000181894,0.241093731,0.399215884
ENSG00000179218,-0.144474542,0.399240174
ENSG00000285816,-0.22588028,0.399300889
ENSG00000163681,-0.106287313,0.399317761
ENSG00000133678,0.167733927,0.399425674
ENSG00000185104,0.127907855,0.399480054
ENSG00000189051,0.396240555,0.39953953
ENSG00000109771,0.183151202,0.39966903
ENSG00000070718,0.17462312,0.399758415
ENSG00000006118,-0.292683094,0.399852529
ENSG00000151135,0.195491566,0.399953787
ENSG00000120910,0.187171809,0.399999922
ENSG00000135077,-0.316133162,0.40016433
ENSG00000163931,-0.21462154,0.400394499
ENSG00000176142,0.121603986,0.40043296
ENSG00000162783,0.160838026,0.400513936
ENSG00000162191,0.092063688,0.400519171
ENSG00000137513,0.200780445,0.400637519
ENSG00000100099,0.112893549,0.400725104
ENSG00000141627,0.082012754,0.401015638
ENSG00000183347,0.487910297,0.401036075
ENSG00000170486,-0.93704415,0.401061359
ENSG00000196372,-0.195498288,0.401194522
ENSG00000146197,0.264150692,0.401277533
ENSG00000145390,0.182148449,0.401386721
ENSG00000120458,0.152153832,0.401399582
ENSG00000144824,0.296095968,0.401422752
ENSG00000160233,-0.373523049,0.401481478
ENSG00000105851,0.094586954,0.401524039
ENSG00000173905,0.212821248,0.401752533
ENSG00000002549,-0.275106349,0.401779305
ENSG00000005801,0.14258905,0.401805648
ENSG00000100744,0.17516494,0.401858229
ENSG00000165156,0.158413244,0.40185952
ENSG00000136518,0.14792032,0.401983885
ENSG00000278828,-0.307282977,0.402007296
ENSG00000165259,0.310221675,0.402196031
ENSG00000147144,-0.28707386,0.402226814
ENSG00000141428,0.150731632,0.402242064
ENSG00000228474,-0.230339519,0.40225881
ENSG00000100060,-0.103498832,0.402390239
ENSG00000114446,0.190574236,0.402398523
ENSG00000111652,-0.110210124,0.402576869
ENSG00000112425,0.20331043,0.40264423
ENSG00000166845,0.257588103,0.402646739
ENSG00000081721,0.192326656,0.402657953
ENSG00000109466,-0.25554252,0.402682834
ENSG00000225828,-0.188672444,0.402938106
ENSG00000165644,-0.240573481,0.402961181
ENSG00000164406,0.174066649,0.403003848
ENSG00000163599,0.294706012,0.403059494
ENSG00000198538,0.196444685,0.403107486
ENSG00000169220,-0.154825783,0.403189246
ENSG00000182472,0.717862775,0.403324262
ENSG00000185664,0.570729778,0.403375139
ENSG00000188056,-0.551116902,0.403414602
ENSG00000243649,-0.42244178,0.403464114
ENSG00000188175,-0.60520564,0.40362062
ENSG00000135835,0.23188592,0.40362946
ENSG00000120729,0.375496757,0.40365444
ENSG00000058729,0.162188929,0.403660158
ENSG00000066027,-0.145067641,0.403697972
ENSG00000151726,-0.426003476,0.403723373
ENSG00000148719,-0.142133742,0.40374821
ENSG00000006327,-0.309002703,0.403932336
ENSG00000269556,0.109973742,0.404130957
ENSG00000149256,-0.791474808,0.404223806
ENSG00000003509,0.131842668,0.404368661
ENSG00000150977,-0.162645143,0.404374128
ENSG00000086848,0.134664739,0.404428843
ENSG00000120837,0.219915893,0.404465578
ENSG00000171659,0.206410258,0.404541461
ENSG00000108387,-0.395458145,0.404720249
ENSG00000158467,0.130693613,0.404721104
ENSG00000082397,-0.224721279,0.404843282
ENSG00000175575,0.160394534,0.404957148
ENSG00000275895,-0.25605974,0.405022055
ENSG00000090104,-0.49650008,0.405047993
ENSG00000163697,-0.435577054,0.405141971
ENSG00000240038,0.125620217,0.405466801
ENSG00000173409,0.233339726,0.405580475
ENSG00000150667,0.474725986,0.405611447
ENSG00000029639,0.169278552,0.405716563
ENSG00000198053,-0.288387254,0.405791683
ENSG00000137877,-0.270687311,0.405991031
ENSG00000169413,-0.257955586,0.40601226
ENSG00000166938,0.144228233,0.406014937
ENSG00000285253,1.088409967,0.406128419
ENSG00000198467,-0.316627032,0.406148581
ENSG00000262246,-0.135739229,0.406284068
ENSG00000204475,-0.331256686,0.406442801
ENSG00000243896,0.489017894,0.406469905
ENSG00000177479,-0.090937207,0.406730659
ENSG00000105171,0.127810069,0.406806178
ENSG00000147416,-0.219678694,0.406849759
ENSG00000143294,-0.099420253,0.406913396
ENSG00000185304,-0.853338014,0.406918442
ENSG00000100483,-0.171359826,0.406940016
ENSG00000135956,-0.177491245,0.406954625
ENSG00000124279,0.182042056,0.407077812
ENSG00000073060,0.23786086,0.407104393
ENSG00000120279,-0.321792699,0.407141253
ENSG00000084774,-0.15593933,0.407169096
ENSG00000172594,-0.296018691,0.407248422
ENSG00000115266,0.218887292,0.407358599
ENSG00000115286,-0.115648571,0.40746142
ENSG00000029363,-0.080930064,0.407525021
ENSG00000110768,0.08171332,0.407525951
ENSG00000113966,0.270621285,0.407549863
ENSG00000196363,-0.124674012,0.407612086
ENSG00000145365,0.150312443,0.407655012
ENSG00000064652,0.218801223,0.407689252
ENSG00000176125,-0.351709242,0.407817866
ENSG00000198169,0.156370737,0.407935374
ENSG00000156650,0.143286081,0.408198201
ENSG00000112419,0.12316697,0.408259225
ENSG00000219481,0.200180963,0.408276772
ENSG00000166105,-0.577522114,0.408324472
ENSG00000147889,0.37669393,0.408368357
ENSG00000145555,-0.551385254,0.408518059
ENSG00000168404,-0.177716965,0.408605166
ENSG00000037637,-0.085442943,0.408622436
ENSG00000274897,-0.494364952,0.40865349
ENSG00000181026,-0.129527131,0.408834273
ENSG00000244734,-0.473552378,0.408951332
ENSG00000178982,-0.123340612,0.40895197
ENSG00000182093,-0.206957183,0.409093231
ENSG00000107854,0.080088259,0.409137295
ENSG00000130305,0.099888279,0.409677514
ENSG00000106070,-0.366315609,0.409780815
ENSG00000242265,-0.554257048,0.410034828
ENSG00000120509,-0.19549612,0.410048586
ENSG00000168591,-0.136874119,0.410111595
ENSG00000285839,-0.423442386,0.410165189
ENSG00000128512,-0.452081028,0.410223588
ENSG00000171385,-0.275010045,0.41023904
ENSG00000174720,-0.164427027,0.410325945
ENSG00000108433,0.113583955,0.410362401
ENSG00000013441,0.120586336,0.410419226
ENSG00000172062,0.146548161,0.410425047
ENSG00000164944,0.064513901,0.410499483
ENSG00000105738,0.188753729,0.410552416
ENSG00000112306,-0.19146993,0.410559842
ENSG00000158552,-0.108710171,0.41056089
ENSG00000156172,0.299166016,0.410564772
ENSG00000130592,-0.179069715,0.410644482
ENSG00000123297,-0.137853225,0.410712584
ENSG00000134909,0.200771649,0.410721539
ENSG00000084092,-0.114829539,0.41072739
ENSG00000165568,-0.346793828,0.410740379
ENSG00000113389,-0.60912094,0.410862944
ENSG00000164615,0.153214994,0.410926858
ENSG00000005175,-0.137287195,0.411055515
ENSG00000197943,-0.206410215,0.411181172
ENSG00000132517,-0.567709749,0.411439156
ENSG00000005471,0.329534254,0.411689469
ENSG00000283088,-0.764032972,0.411913965
ENSG00000170619,0.100692208,0.411976732
ENSG00000145725,-0.091242167,0.41198405
ENSG00000171793,-0.157661749,0.412045759
ENSG00000127419,-0.134965837,0.412084089
ENSG00000285721,0.117278041,0.412114494
ENSG00000186642,-0.470813305,0.412116226
ENSG00000119638,0.081200353,0.412318551
ENSG00000147121,0.155650866,0.412363027
ENSG00000160285,-0.160360971,0.412373721
ENSG00000137502,0.209417122,0.412400778
ENSG00000145113,-0.56111081,0.412472276
ENSG00000186204,-0.375964804,0.412637016
ENSG00000163512,0.153622046,0.412810133
ENSG00000096968,-0.121792771,0.412832371
ENSG00000124203,0.170731451,0.412849941
ENSG00000164403,-0.391740423,0.413070632
ENSG00000136689,-0.37361491,0.413103366
ENSG00000138463,-0.237049623,0.413119773
ENSG00000153885,0.273352582,0.413195379
ENSG00000106829,-0.136295876,0.413268617
ENSG00000164061,-0.186572852,0.413456565
ENSG00000136603,0.125078944,0.413529088
ENSG00000172115,-0.186683166,0.413574855
ENSG00000089234,-0.086232208,0.413720969
ENSG00000156642,-0.148707114,0.413792227
ENSG00000145214,-0.188249195,0.413826641
ENSG00000156873,-0.105233054,0.413939097
ENSG00000162148,-0.278477444,0.414113036
ENSG00000183943,0.150589967,0.414396366
ENSG00000115760,0.117724809,0.41450083
ENSG00000125686,0.091649471,0.414633126
ENSG00000114541,-0.134171139,0.414675425
ENSG00000140287,-0.354520273,0.414711078
ENSG00000084234,-0.17703758,0.414852177
ENSG00000090316,-0.143961395,0.414884528
ENSG00000173706,0.26195453,0.414954607
ENSG00000160796,-0.233664112,0.415045622
ENSG00000179750,0.517444975,0.415071996
ENSG00000206127,0.532966282,0.415195988
ENSG00000165914,-0.297631197,0.415270077
ENSG00000204323,-0.336531618,0.415358009
ENSG00000218739,0.132550669,0.415377665
ENSG00000143851,0.173705587,0.415411953
ENSG00000163956,-0.092714551,0.415444832
ENSG00000176396,-0.213350977,0.415552044
ENSG00000073578,0.093066907,0.415602406
ENSG00000157077,0.274927419,0.415729447
ENSG00000146530,-0.695171014,0.415835636
ENSG00000144741,0.178708278,0.41586941
ENSG00000171611,-0.398905586,0.415898405
ENSG00000161204,0.084054693,0.416028321
ENSG00000244165,-0.212933789,0.416086507
ENSG00000221843,-0.336955257,0.416310698
ENSG00000108774,-0.155445861,0.416318762
ENSG00000117036,0.081985767,0.416349448
ENSG00000178814,-0.507897462,0.416424706
ENSG00000160972,-0.192499393,0.416457184
ENSG00000171314,-0.1167571,0.416486651
ENSG00000106615,0.151464169,0.416506454
ENSG00000198838,-0.236547569,0.41655967
ENSG00000269343,-0.120708342,0.416640359
ENSG00000135074,-0.254967738,0.416641106
ENSG00000171223,-0.217089057,0.416759404
ENSG00000136279,-0.143165729,0.416856796
ENSG00000080546,0.147372991,0.416933168
ENSG00000078808,-0.084538458,0.416945065
ENSG00000178184,0.221862786,0.417019552
ENSG00000103018,0.120662609,0.417141438
ENSG00000028310,0.130267428,0.417148562
ENSG00000155256,0.095708961,0.417184182
ENSG00000158604,-0.077593605,0.41719021
ENSG00000163482,0.181953806,0.417297541
ENSG00000101928,0.232259181,0.417313928
ENSG00000070018,-0.432074121,0.417314826
ENSG00000157741,0.147285374,0.417366176
ENSG00000160097,0.323764295,0.417421576
ENSG00000069667,0.238828494,0.417485728
ENSG00000128340,-0.089421102,0.417563909
ENSG00000166377,0.094305151,0.417605344
ENSG00000144048,0.077986359,0.417686546
ENSG00000101138,0.095595517,0.417735052
ENSG00000175283,0.15800438,0.417783095
ENSG00000135451,-0.37849173,0.417795134
ENSG00000168772,-0.495589955,0.417833039
ENSG00000162517,0.102620948,0.417879969
ENSG00000062282,-0.375132665,0.418073492
ENSG00000006576,0.104588191,0.41821484
ENSG00000186318,0.178719224,0.418222136
ENSG00000106605,0.193303501,0.418340919
ENSG00000180626,0.243382952,0.418389594
ENSG00000182552,0.152993423,0.418391809
ENSG00000178409,0.277114722,0.418471794
ENSG00000139190,0.113046412,0.418769851
ENSG00000205544,-0.263501834,0.418783539
ENSG00000242950,0.233709937,0.418816465
ENSG00000170248,-0.074096529,0.418955927
ENSG00000188394,0.836842346,0.418998148
ENSG00000273820,-0.224648909,0.419037817
ENSG00000153944,0.14110975,0.419065737
ENSG00000130202,-0.40827273,0.419144653
ENSG00000127831,-0.345977093,0.41915239
ENSG00000111554,0.113973086,0.419172641
ENSG00000116138,0.094020161,0.419220165
ENSG00000004866,-0.166749618,0.41932246
ENSG00000181790,-0.358218943,0.41945154
ENSG00000119509,0.167008815,0.419456973
ENSG00000100146,-0.356598385,0.419476235
ENSG00000182446,-0.103252176,0.419566271
ENSG00000139350,0.119707725,0.419791684
ENSG00000138381,0.165297567,0.41986566
ENSG00000145569,0.10872519,0.419872603
ENSG00000175265,0.217506518,0.419925091
ENSG00000175782,-0.15223624,0.419992062
ENSG00000169504,-0.202908841,0.420155325
ENSG00000167851,-0.105985086,0.420170129
ENSG00000127362,0.240735038,0.420194691
ENSG00000174842,-0.223842343,0.420304215
ENSG00000087258,0.402148098,0.420315635
ENSG00000256660,-0.543144746,0.42032567
ENSG00000160882,0.589516399,0.420474403
ENSG00000176495,-0.482665566,0.420546465
ENSG00000041988,-0.123768228,0.420815761
ENSG00000102158,-0.101460002,0.42095574
ENSG00000115365,0.143363118,0.420965298
ENSG00000234616,0.107954573,0.420992403
ENSG00000183161,0.179922616,0.420995678
ENSG00000197969,0.18067662,0.421088859
ENSG00000047648,-0.327505466,0.421167839
ENSG00000105855,-0.321319702,0.421367071
ENSG00000147124,0.126253231,0.421546617
ENSG00000161618,-0.135204599,0.421559948
ENSG00000159399,-0.261035504,0.421581225
ENSG00000219607,0.45105127,0.421605639
ENSG00000135046,0.218915988,0.421609044
ENSG00000143595,-0.669862161,0.421628952
ENSG00000213380,0.078953722,0.421665562
ENSG00000186222,0.150874078,0.421917572
ENSG00000152409,0.123017801,0.421942886
ENSG00000087086,-0.210618251,0.421958292
ENSG00000116127,0.169360113,0.421988914
ENSG00000165102,-0.129012477,0.421989902
ENSG00000039650,-0.142580016,0.422074029
ENSG00000163808,-0.297965806,0.422089522
ENSG00000144182,0.219993685,0.422105443
ENSG00000143434,0.293349721,0.422122175
ENSG00000129197,0.13038421,0.422263876
ENSG00000175564,0.232316357,0.422347227
ENSG00000113648,-0.12984147,0.422349302
ENSG00000170298,-0.717620067,0.422361654
ENSG00000125834,0.109600138,0.422433723
ENSG00000115484,0.143231671,0.422462632
ENSG00000198208,0.194811183,0.422536228
ENSG00000235863,-0.096507104,0.422545114
ENSG00000164134,0.107160238,0.422648887
ENSG00000135521,-0.188834604,0.422728404
ENSG00000103888,-0.226515066,0.4227362
ENSG00000168286,0.101961951,0.42296381
ENSG00000197782,0.119757809,0.423253744
ENSG00000167768,-0.590977515,0.423305645
ENSG00000169139,0.149115465,0.423399953
ENSG00000181404,-0.209774489,0.423407956
ENSG00000197619,0.141483992,0.423451872
ENSG00000138449,-0.248369007,0.423454281
ENSG00000180198,0.135551151,0.423504488
ENSG00000151067,0.266492484,0.423532575
ENSG00000124209,0.073784908,0.423580005
ENSG00000101104,0.229771397,0.423631154
ENSG00000114841,-0.171938945,0.423689515
ENSG00000257704,-0.298756805,0.423768689
ENSG00000174886,-0.106716418,0.423781198
ENSG00000167613,0.163429648,0.423816144
ENSG00000137076,-0.193714878,0.423886998
ENSG00000259207,-0.508453534,0.424031746
ENSG00000141642,0.200506057,0.424077678
ENSG00000070540,-0.146776432,0.424090491
ENSG00000110848,0.372506965,0.424140644
ENSG00000165280,-0.084147486,0.424242455
ENSG00000165688,-0.104291696,0.424481388
ENSG00000149131,-0.512140891,0.424530295
ENSG00000174175,-0.405383801,0.424553755
ENSG00000166532,0.155308715,0.424571017
ENSG00000164649,0.292257677,0.424591687
ENSG00000197976,-0.11701299,0.424650884
ENSG00000115514,0.17711798,0.42475906
ENSG00000136146,0.129119318,0.424930101
ENSG00000163162,-0.228412311,0.424971149
ENSG00000157483,-0.211620861,0.425048172
ENSG00000116478,0.0796022,0.425090857
ENSG00000116741,-0.284568992,0.425091439
ENSG00000285476,-0.822017796,0.425117446
ENSG00000240563,0.683028452,0.425192953
ENSG00000108349,-0.201499002,0.425194002
ENSG00000084463,-0.081620096,0.425354818
ENSG00000144554,-0.108992076,0.425373387
ENSG00000136527,0.096019407,0.425466525
ENSG00000100926,0.143266042,0.425541233
ENSG00000143486,0.083040378,0.425555986
ENSG00000011007,-0.082078835,0.42556847
ENSG00000113068,0.120965051,0.426044878
ENSG00000198848,0.653910615,0.426263374
ENSG00000155561,0.115948388,0.426286004
ENSG00000126522,-0.12381693,0.426351531
ENSG00000160310,0.105274571,0.426452072
ENSG00000170949,0.09093684,0.426456744
ENSG00000116171,-0.127476175,0.426516767
ENSG00000164414,0.131771611,0.426544733
ENSG00000103507,-0.188427123,0.426613081
ENSG00000175213,0.139897395,0.426697845
ENSG00000066933,0.150579312,0.426832557
ENSG00000169499,0.078939989,0.426843982
ENSG00000171121,0.170110454,0.427012816
ENSG00000117519,0.5381416,0.427076145
ENSG00000113194,0.061213858,0.427141713
ENSG00000204227,-0.12154604,0.42722332
ENSG00000184402,0.126388592,0.427274045
ENSG00000157764,0.111437364,0.427293293
ENSG00000169914,-0.151391332,0.427307234
ENSG00000122033,0.164235814,0.427368158
ENSG00000100246,-0.166995003,0.427381018
ENSG00000067057,0.219327899,0.427383492
ENSG00000142207,0.135869909,0.427403333
ENSG00000142687,-0.109708976,0.427494101
ENSG00000122966,0.284562011,0.427511391
ENSG00000275713,-0.291314878,0.427520429
ENSG00000213203,0.126597912,0.427533036
ENSG00000174586,-0.380680749,0.42763009
ENSG00000134461,0.272619245,0.427702067
ENSG00000136826,0.244707177,0.427748156
ENSG00000198000,0.099397037,0.427789457
ENSG00000101460,-0.39613167,0.427930449
ENSG00000186501,-0.097788456,0.428012138
ENSG00000115129,-0.219122279,0.428033298
ENSG00000140950,0.137251361,0.428223049
ENSG00000122477,0.299984983,0.428293464
ENSG00000169740,0.209060394,0.428297451
ENSG00000123562,0.121443577,0.428354487
ENSG00000072110,-0.274957096,0.428376775
ENSG00000166825,-0.398631328,0.428389471
ENSG00000173327,-0.168510151,0.428430155
ENSG00000183648,0.2076246,0.428484602
ENSG00000087269,-0.118954224,0.428553452
ENSG00000174705,-0.39639697,0.428572251
ENSG00000108055,0.128670725,0.428622717
ENSG00000166526,0.093578567,0.428698298
ENSG00000099977,-0.148182173,0.428857743
ENSG00000266338,0.188386616,0.42887235
ENSG00000171914,-0.321987842,0.42891846
ENSG00000160326,-0.206212325,0.428952625
ENSG00000111537,0.506709677,0.428997611
ENSG00000102908,0.190710174,0.429178832
ENSG00000104738,-0.157388378,0.42920877
ENSG00000256235,-0.235290829,0.429272415
ENSG00000123119,0.368502566,0.429312555
ENSG00000164181,-0.304478553,0.429376015
ENSG00000118246,0.124814098,0.429386539
ENSG00000158301,0.296836769,0.429486259
ENSG00000133401,0.196278946,0.429522734
ENSG00000077585,-0.197681267,0.429566689
ENSG00000103266,-0.105471186,0.429630241
ENSG00000101181,-0.108537986,0.429653587
ENSG00000260097,0.450110441,0.429675108
ENSG00000196428,0.102579359,0.429678007
ENSG00000161996,-0.231899598,0.429678112
ENSG00000163602,-0.13415339,0.429752909
ENSG00000204592,-0.129441812,0.429810595
ENSG00000173418,-0.145346307,0.42992282
ENSG00000185085,0.092009265,0.430011655
ENSG00000117650,-0.665901454,0.430266422
ENSG00000121064,-0.143613884,0.430486875
ENSG00000130023,-0.139267528,0.430522341
ENSG00000139132,-0.226650818,0.430571282
ENSG00000169689,0.211475943,0.430621674
ENSG00000162236,-0.108802451,0.430744001
ENSG00000143850,0.469853986,0.430916816
ENSG00000102145,-0.37882412,0.430929135
ENSG00000198056,0.20859539,0.431065691
ENSG00000100209,0.288636822,0.431100097
ENSG00000185164,-0.139172563,0.431115217
ENSG00000138279,-0.112916948,0.431212839
ENSG00000105576,-0.10355036,0.431233206
ENSG00000155755,-0.334758204,0.431410409
ENSG00000167394,0.133914285,0.431485887
ENSG00000101452,0.128363496,0.431580778
ENSG00000118804,0.410610623,0.431592228
ENSG00000114062,0.120683823,0.431866186
ENSG00000126001,0.148746881,0.431894021
ENSG00000134899,0.088418786,0.431987784
ENSG00000126261,0.142711677,0.43203484
ENSG00000058866,-0.263191321,0.432159208
ENSG00000161642,0.318363995,0.432225734
ENSG00000196352,-0.246511133,0.432283097
ENSG00000162231,0.101342965,0.432315574
ENSG00000075292,0.084565349,0.432485455
ENSG00000099331,-0.168554804,0.432561965
ENSG00000213463,0.1258022,0.432588925
ENSG00000112378,-0.34660979,0.432697615
ENSG00000214827,-0.367128728,0.432776996
ENSG00000093144,0.100431808,0.432834478
ENSG00000142621,-0.571520902,0.432852389
ENSG00000100347,0.138559826,0.433071983
ENSG00000187037,-0.264614879,0.433088771
ENSG00000174547,0.195069903,0.433155155
ENSG00000197296,0.169873345,0.433219832
ENSG00000142694,-0.250972065,0.433292273
ENSG00000064201,-0.190598634,0.433393633
ENSG00000196381,-0.472072986,0.433461965
ENSG00000075539,0.086068312,0.433495321
ENSG00000044574,-0.112662344,0.433567947
ENSG00000124126,-0.199345745,0.433649985
ENSG00000204710,0.896978644,0.433695111
ENSG00000161509,-0.373594818,0.433838507
ENSG00000131236,-0.133106406,0.433853801
ENSG00000171444,0.183834945,0.433961038
ENSG00000184349,-0.713480069,0.434047112
ENSG00000173626,-0.439685113,0.434096175
ENSG00000066379,0.120196972,0.434157871
ENSG00000164338,0.146162721,0.434171501
ENSG00000221926,0.20190856,0.434340547
ENSG00000004487,0.088218184,0.434360296
ENSG00000204388,0.213728816,0.434395236
ENSG00000162959,0.079050948,0.434510739
ENSG00000229859,0.959465632,0.434572178
ENSG00000197442,0.128530475,0.434678017
ENSG00000161298,0.264717554,0.434691904
ENSG00000196150,0.138765828,0.434710664
ENSG00000104897,-0.147891769,0.434722574
ENSG00000173366,1.284113691,0.434829484
ENSG00000160654,0.241312098,0.434890552
ENSG00000125780,-0.633003694,0.435023976
ENSG00000100345,-0.16063909,0.43509687
ENSG00000138382,0.21087938,0.435107972
ENSG00000120093,-0.271423266,0.435116821
ENSG00000110171,0.158285449,0.435270954
ENSG00000018510,0.115954513,0.435384581
ENSG00000204386,-0.136339344,0.435422161
ENSG00000003249,0.479980068,0.435495695
ENSG00000108405,-0.329659894,0.435524518
ENSG00000267508,0.429997308,0.435847129
ENSG00000106628,-0.179693893,0.435848852
ENSG00000164219,0.101062008,0.43584943
ENSG00000143952,0.103536177,0.435859777
ENSG00000156990,-0.106135559,0.435878028
ENSG00000100162,-0.54112351,0.435887177
ENSG00000198788,0.805418164,0.435941666
ENSG00000142892,-0.137695299,0.43601478
ENSG00000162604,0.101079662,0.436049082
ENSG00000107262,-0.330707108,0.436052086
ENSG00000111817,-0.13791553,0.43606596
ENSG00000125966,-0.153970907,0.436109845
ENSG00000184113,-0.433365107,0.436196652
ENSG00000132819,-0.410296745,0.43623876
ENSG00000139687,0.072817401,0.436257493
ENSG00000173809,0.851091171,0.436263688
ENSG00000204576,0.158771481,0.436300239
ENSG00000101361,-0.137789487,0.436342334
ENSG00000140367,0.177447773,0.436351954
ENSG00000160716,-0.291207097,0.436366933
ENSG00000152582,0.295824628,0.436375109
ENSG00000106723,0.10983835,0.436476139
ENSG00000171443,0.147949236,0.436498092
ENSG00000181915,0.144933717,0.436502163
ENSG00000177485,0.147343504,0.436541539
ENSG00000168876,-0.153027673,0.436549097
ENSG00000196367,0.166389162,0.436602825
ENSG00000088854,0.137839337,0.436656828
ENSG00000125657,-0.503448911,0.436665716
ENSG00000134490,-0.193763393,0.436667868
ENSG00000102753,0.120896508,0.436719357
ENSG00000283288,-0.358750357,0.436723897
ENSG00000166224,-0.072690913,0.436774098
ENSG00000157181,0.116970678,0.436777825
ENSG00000116001,0.094712898,0.436896899
ENSG00000127511,-0.145387443,0.437019823
ENSG00000115415,-0.205211704,0.43713639
ENSG00000105662,-0.180477605,0.437143369
ENSG00000160214,0.132133352,0.437177282
ENSG00000172775,-0.081993822,0.437216334
ENSG00000128039,-0.187826781,0.437260671
ENSG00000089693,-0.158748042,0.437274206
ENSG00000169519,0.127319797,0.437284241
ENSG00000069849,0.13097853,0.437286758
ENSG00000085117,-0.246030959,0.437326764
ENSG00000143970,0.115641462,0.437352318
ENSG00000143494,0.209200843,0.4374269
ENSG00000180376,0.142944453,0.43744733
ENSG00000124557,0.499883904,0.437488586
ENSG00000171311,-0.115981496,0.437490376
ENSG00000234745,-0.360974503,0.43760179
ENSG00000153487,0.11178148,0.437643939
ENSG00000114125,0.137474577,0.437688791
ENSG00000075340,0.258230289,0.437781577
ENSG00000143420,0.079428276,0.437968378
ENSG00000159720,-0.167162262,0.437971506
ENSG00000188486,-0.195793103,0.438057179
ENSG00000111249,-0.564900282,0.438099967
ENSG00000196502,-0.23133589,0.438250851
ENSG00000147119,0.22170555,0.438262537
ENSG00000189367,-0.543789116,0.438335787
ENSG00000105321,-0.194785775,0.43842882
ENSG00000155307,-0.193451599,0.438440484
ENSG00000169660,-0.148245023,0.43845051
ENSG00000198931,-0.131992101,0.438500143
ENSG00000104870,-0.221494106,0.438535957
ENSG00000198018,0.133346003,0.438558305
ENSG00000085982,-0.133109703,0.438671189
ENSG00000135916,-0.386442207,0.43877533
ENSG00000057935,-0.122479467,0.438855824
ENSG00000166181,0.095221681,0.438930036
ENSG00000114982,0.108113028,0.439096697
ENSG00000177370,0.092770135,0.439207649
ENSG00000100883,-0.088900743,0.4392484
ENSG00000162419,-0.083232294,0.439305204
ENSG00000141696,-0.27775535,0.439521596
ENSG00000174903,-0.121890777,0.439613452
ENSG00000141027,0.109741397,0.439656169
ENSG00000121281,-0.101798582,0.439693706
ENSG00000131899,0.138833113,0.440039513
ENSG00000160199,-0.119158775,0.440130826
ENSG00000131779,-0.12097543,0.440142564
ENSG00000171236,-0.379469403,0.440206562
ENSG00000109943,0.246437909,0.440322523
ENSG00000183655,0.180740097,0.440351689
ENSG00000036549,0.122719776,0.44044572
ENSG00000249709,-0.121732584,0.440537581
ENSG00000139835,-0.290750464,0.440548854
ENSG00000118193,-0.316917858,0.440573737
ENSG00000068383,-0.214882289,0.440701272
ENSG00000166428,-0.308060703,0.440718163
ENSG00000141101,0.143489378,0.440768348
ENSG00000160075,0.082839153,0.44084767
ENSG00000160799,0.115408403,0.440850484
ENSG00000128283,-0.397382462,0.440878129
ENSG00000114374,0.169959242,0.440892765
ENSG00000141098,-0.188052925,0.441063668
ENSG00000100138,0.134174533,0.441357225
ENSG00000116350,0.065186976,0.44148965
ENSG00000185838,0.176085246,0.441515193
ENSG00000139163,0.100783404,0.441642996
ENSG00000130348,0.139126487,0.441869686
ENSG00000071626,0.119461676,0.441884691
ENSG00000126368,-0.286674698,0.441985887
ENSG00000164118,-0.092747752,0.442010161
ENSG00000122861,-0.506478513,0.442019377
ENSG00000115165,-0.099207561,0.442369922
ENSG00000125458,-0.106475951,0.4424444
ENSG00000181690,-0.381670276,0.44248113
ENSG00000141449,-0.16021577,0.442482596
ENSG00000154237,-0.213359941,0.442550186
ENSG00000180573,-0.16882279,0.442795451
ENSG00000183878,0.112779487,0.442806813
ENSG00000137710,0.120267469,0.442874202
ENSG00000169896,-0.168931866,0.44303346
ENSG00000100348,-0.136458576,0.443038553
ENSG00000121417,-0.148691055,0.443095125
ENSG00000197956,-0.157916058,0.443106582
ENSG00000171867,0.147886896,0.443146173
ENSG00000184619,0.146528282,0.443289619
ENSG00000134539,-0.287162453,0.443399734
ENSG00000185477,0.201250747,0.443446871
ENSG00000260537,1.351765662,0.443565371
ENSG00000168564,0.125850075,0.443632133
ENSG00000163818,0.147362871,0.443768653
ENSG00000197622,-0.090997899,0.443810488
ENSG00000138829,-0.363560046,0.443980895
ENSG00000085719,-0.084697888,0.444064931
ENSG00000166199,0.144489108,0.444217643
ENSG00000185808,0.182339818,0.444221737
ENSG00000168906,0.078868575,0.444305941
ENSG00000187713,-0.137934702,0.444312483
ENSG00000110446,-0.212450028,0.444322217
ENSG00000151849,0.142539343,0.444368306
ENSG00000152990,-0.256176533,0.444412933
ENSG00000156011,-0.300884186,0.444422189
ENSG00000131374,0.076238231,0.44454542
ENSG00000180357,0.119097473,0.444639575
ENSG00000095539,0.247830812,0.444689038
ENSG00000168701,0.14157026,0.444695386
ENSG00000071537,-0.108748574,0.444715239
ENSG00000198455,0.131715998,0.444722529
ENSG00000126458,0.246386372,0.444766573
ENSG00000159917,0.144056049,0.444773449
ENSG00000166262,0.177581194,0.444986339
ENSG00000127980,0.100272427,0.445055225
ENSG00000106638,0.107607011,0.445206159
ENSG00000160408,0.21647696,0.445249366
ENSG00000170921,0.182354072,0.445375921
ENSG00000160695,0.100437443,0.445530669
ENSG00000205683,0.244433603,0.445764173
ENSG00000164543,0.102488589,0.44577469
ENSG00000122484,0.143001505,0.445844068
ENSG00000100575,-0.179273863,0.445847245
ENSG00000087111,-0.078135466,0.44592315
ENSG00000213676,-0.106038898,0.445995039
ENSG00000181541,0.217432998,0.445997369
ENSG00000146006,-0.369477496,0.44613808
ENSG00000099956,-0.130813713,0.446176639
ENSG00000102384,-0.300361821,0.446292162
ENSG00000101004,-0.60367242,0.446304206
ENSG00000144591,-0.122658722,0.446315239
ENSG00000006740,0.271113714,0.446329266
ENSG00000115520,0.111503771,0.446355172
ENSG00000167315,-0.159421107,0.446490543
ENSG00000163154,-0.120309142,0.44661904
ENSG00000156411,-0.205956357,0.446632648
ENSG00000189403,-0.138302596,0.446634255
ENSG00000186073,0.198695268,0.446699732
ENSG00000168778,0.206958452,0.446709864
ENSG00000198856,-0.195363389,0.446715163
ENSG00000047849,0.166996227,0.446913495
ENSG00000141574,-0.283349413,0.446967031
ENSG00000058668,0.197150284,0.447026857
ENSG00000213928,-0.17111474,0.447382718
ENSG00000179869,-0.734846089,0.447734523
ENSG00000101158,0.065081079,0.447757412
ENSG00000112624,0.122002622,0.447835459
ENSG00000116791,0.220253212,0.447838209
ENSG00000184719,-0.234116582,0.447890873
ENSG00000198108,-0.661624651,0.44798031
ENSG00000143224,0.146540685,0.44801508
ENSG00000178057,-0.121206878,0.448085679
ENSG00000067560,-0.10738538,0.448148917
ENSG00000166750,0.142164172,0.448151051
ENSG00000104974,-0.20688287,0.44820366
ENSG00000188690,-0.121107734,0.448250636
ENSG00000120053,0.182887747,0.448297349
ENSG00000108465,-0.103704233,0.448336325
ENSG00000083123,-0.154045007,0.448451337
ENSG00000129245,-0.087424144,0.448466477
ENSG00000116649,-0.152518492,0.448539319
ENSG00000116670,0.133459185,0.448659681
ENSG00000164342,0.338575926,0.448683783
ENSG00000103222,-0.14106549,0.448696596
ENSG00000119392,-0.083945477,0.448786621
ENSG00000150477,0.15015172,0.448861626
ENSG00000125812,0.084330898,0.448861719
ENSG00000181634,0.40022046,0.448908346
ENSG00000164323,0.149082109,0.448979203
ENSG00000121486,0.12037416,0.449201514
ENSG00000100504,-0.280674569,0.449241922
ENSG00000135426,0.163577424,0.449242892
ENSG00000177663,-0.226498192,0.44925365
ENSG00000108961,-0.166873697,0.449285072
ENSG00000181830,0.135204116,0.449383292
ENSG00000156521,0.124622288,0.449401931
ENSG00000161677,0.186761694,0.449443461
ENSG00000153823,-0.227379437,0.449493925
ENSG00000106246,0.135477525,0.449496126
ENSG00000114353,-0.125133532,0.449586257
ENSG00000196712,0.136556753,0.449631944
ENSG00000105518,-0.131790645,0.44967462
ENSG00000125810,-0.268970814,0.449878607
ENSG00000198156,1.349476328,0.449889109
ENSG00000148297,-0.107318367,0.449956823
ENSG00000137996,0.098278196,0.450003134
ENSG00000171865,-0.135868712,0.450035665
ENSG00000197822,0.347660534,0.450068898
ENSG00000162512,0.274598019,0.450098995
ENSG00000241106,0.318423658,0.450282466
ENSG00000120742,-0.098310632,0.450409824
ENSG00000163945,-0.196273022,0.450448209
ENSG00000176871,0.088597979,0.450510838
ENSG00000051341,-0.2431399,0.450659324
ENSG00000159842,-0.107352607,0.45081637
ENSG00000182557,-0.467697492,0.450935567
ENSG00000115364,0.10449324,0.451052816
ENSG00000110852,0.185586407,0.451097677
ENSG00000158714,-0.308773139,0.451108455
ENSG00000174840,-0.080718224,0.451301137
ENSG00000263201,-0.594062024,0.451306986
ENSG00000173578,-0.407387012,0.451357376
ENSG00000169627,0.280749858,0.451439921
ENSG00000065621,-0.283959691,0.451476551
ENSG00000131381,0.070400426,0.451599679
ENSG00000122786,-0.431649215,0.451600887
ENSG00000169314,0.32119945,0.451666955
ENSG00000070950,0.177091884,0.451711132
ENSG00000170962,-0.306291201,0.451747316
ENSG00000269028,-1.100576583,0.451812272
ENSG00000156876,0.164262303,0.451877789
ENSG00000167785,0.136537143,0.451961759
ENSG00000198804,0.172065082,0.452000416
ENSG00000277791,-0.148015239,0.452202401
ENSG00000157404,-0.34235891,0.452205803
ENSG00000117385,0.115548161,0.452262296
ENSG00000168040,-0.157044074,0.452283352
ENSG00000090060,0.079024482,0.452289913
ENSG00000148090,0.129149707,0.452383646
ENSG00000120709,-0.236446995,0.452441771
ENSG00000129255,-0.129898759,0.452480042
ENSG00000163534,0.251954717,0.452511216
ENSG00000205268,0.112898474,0.452632964
ENSG00000177733,-0.098927422,0.452643468
ENSG00000156574,0.301529489,0.452730978
ENSG00000196636,0.222454522,0.452778837
ENSG00000187650,-0.151451594,0.452919464
ENSG00000277277,-0.468309765,0.453157381
ENSG00000198055,-0.111735319,0.453177828
ENSG00000117143,-0.200851871,0.453212862
ENSG00000163053,-0.461056318,0.453228848
ENSG00000129003,0.137026616,0.453259046
ENSG00000102265,-0.231123428,0.453270978
ENSG00000124713,0.417233717,0.453310291
ENSG00000092068,-0.622957769,0.453312398
ENSG00000165113,-0.189086786,0.453464333
ENSG00000185340,-0.316947981,0.453540808
ENSG00000076641,0.106116229,0.453590314
ENSG00000061273,-0.180907549,0.453657053
ENSG00000175221,-0.185302045,0.453770503
ENSG00000100567,-0.093813289,0.453783853
ENSG00000183307,-0.341622187,0.453840444
ENSG00000122386,-0.434108357,0.453853354
ENSG00000179632,-0.288105805,0.453945368
ENSG00000181381,-0.249994613,0.453987484
ENSG00000115694,0.120546935,0.454139573
ENSG00000112299,-0.496602369,0.454148573
ENSG00000107679,0.154775573,0.454226681
ENSG00000171067,-0.157397874,0.454258309
ENSG00000260170,0.879905273,0.454374265
ENSG00000185883,-0.343912774,0.454501076
ENSG00000060971,0.104395768,0.454521107
ENSG00000278705,0.212682753,0.454557099
ENSG00000103064,0.177284066,0.454585242
ENSG00000204463,-0.287130251,0.454727173
ENSG00000110697,-0.101588083,0.45485703
ENSG00000198298,0.258951608,0.454893147
ENSG00000276045,-0.108848968,0.454915972
ENSG00000198853,0.245063637,0.455051528
ENSG00000162430,-0.18231242,0.455209626
ENSG00000008516,-0.321390901,0.455229952
ENSG00000089486,-0.086825629,0.455290403
ENSG00000139926,0.652939586,0.455454108
ENSG00000148468,-0.498255521,0.455510364
ENSG00000173928,0.205228794,0.455607952
ENSG00000124786,0.111336396,0.45571498
ENSG00000167965,0.118793196,0.455795692
ENSG00000102078,0.200157062,0.455862829
ENSG00000005483,0.130439513,0.455869755
ENSG00000119729,-0.100301619,0.455981715
ENSG00000072062,-0.222922801,0.456020965
ENSG00000136490,-0.108782593,0.456027363
ENSG00000182362,0.228500612,0.456040333
ENSG00000198060,-0.097286755,0.456143399
ENSG00000074660,-0.315259413,0.456257227
ENSG00000132780,0.095240082,0.456263235
ENSG00000162757,0.136600408,0.456354046
ENSG00000182568,0.104753752,0.456418848
ENSG00000142544,0.255294287,0.456486035
ENSG00000172466,0.078696465,0.45651291
ENSG00000009724,0.142805323,0.456518152
ENSG00000141337,-0.139632201,0.456519898
ENSG00000173137,0.201140339,0.456678745
ENSG00000168062,-0.442167249,0.456809869
ENSG00000148841,-0.187446837,0.4568108
ENSG00000181924,-0.146026907,0.456879232
ENSG00000170638,-0.106403302,0.456973653
ENSG00000284713,0.6167128,0.457041033
ENSG00000119929,0.109538854,0.457069544
ENSG00000048162,-0.200065504,0.457323092
ENSG00000272031,-0.320549461,0.457404667
ENSG00000143324,0.100504177,0.457432476
ENSG00000158201,0.135488301,0.457571528
ENSG00000164187,0.102040777,0.457692191
ENSG00000165929,0.184715936,0.457811068
ENSG00000149485,-0.295550246,0.457899535
ENSG00000143367,-0.256261393,0.457913395
ENSG00000099901,0.14724154,0.457942432
ENSG00000178498,-0.209514013,0.458012798
ENSG00000260287,-1.090109507,0.458143386
ENSG00000006451,0.10558874,0.458210456
ENSG00000100554,0.160503394,0.45832572
ENSG00000197779,0.093363348,0.458389406
ENSG00000181852,-0.080939133,0.458532292
ENSG00000101407,0.083984569,0.458564165
ENSG00000162591,-0.286903031,0.458566386
ENSG00000254470,-0.261109643,0.458617895
ENSG00000113924,-0.311997234,0.45873455
ENSG00000134291,0.168248776,0.458813018
ENSG00000166925,-0.158646715,0.458870878
ENSG00000173698,-0.332993429,0.459036304
ENSG00000198246,0.128929881,0.459038114
ENSG00000134243,-0.200512363,0.459146878
ENSG00000169507,0.478291811,0.459176281
ENSG00000172322,-0.464552192,0.459276034
ENSG00000164751,0.106893388,0.459349184
ENSG00000174233,-0.430699561,0.459504728
ENSG00000204859,-0.120006281,0.459644372
ENSG00000144043,0.070589455,0.459678294
ENSG00000129696,0.108481935,0.460059283
ENSG00000205903,-0.149620188,0.460112143
ENSG00000197776,0.198261191,0.460256291
ENSG00000176945,0.410773629,0.460303153
ENSG00000135116,0.541332038,0.46054465
ENSG00000069493,0.16928854,0.46055385
ENSG00000114626,-0.244209754,0.46065517
ENSG00000140836,0.196206126,0.460682626
ENSG00000057704,-0.18704183,0.460688288
ENSG00000259431,-0.117973684,0.46069994
ENSG00000056586,0.07050932,0.460825922
ENSG00000267680,0.074676453,0.460887393
ENSG00000156304,0.134975215,0.460905269
ENSG00000165487,0.115446692,0.460956933
ENSG00000165283,0.175682748,0.460987336
ENSG00000152683,0.080376271,0.460987712
ENSG00000125304,-0.124064804,0.460991644
ENSG00000167904,0.120652986,0.461116915
ENSG00000112245,-0.230387921,0.461314155
ENSG00000161513,0.207622181,0.461416454
ENSG00000125257,-0.269634444,0.461444612
ENSG00000106144,0.115867597,0.46158807
ENSG00000119714,0.139555677,0.461639841
ENSG00000076662,-0.184002552,0.461757791
ENSG00000171823,0.121305645,0.461779518
ENSG00000174327,-0.233927436,0.461798038
ENSG00000164244,0.106105199,0.461858978
ENSG00000167900,-0.346218508,0.461870043
ENSG00000182118,0.222253552,0.461930063
ENSG00000126432,-0.191815406,0.462150237
ENSG00000116871,-0.164802569,0.462200299
ENSG00000143493,-0.126418567,0.462223642
ENSG00000100227,0.065552261,0.462246191
ENSG00000116574,0.238869019,0.462257243
ENSG00000131495,-0.119045774,0.462261764
ENSG00000137807,-0.359603129,0.46229679
ENSG00000168826,0.11949718,0.462374025
ENSG00000089351,-0.194487763,0.462602808
ENSG00000185201,-0.223290603,0.462607071
ENSG00000131653,-0.09201216,0.462609495
ENSG00000196497,-0.158486851,0.462621176
ENSG00000125122,0.222748425,0.462631123
ENSG00000135643,0.385868825,0.462802492
ENSG00000134001,0.123720942,0.462885032
ENSG00000104312,-0.112022914,0.463027038
ENSG00000198420,0.172341572,0.463027593
ENSG00000005810,0.11840941,0.463032814
ENSG00000079691,-0.326068453,0.463135563
ENSG00000139908,0.170538247,0.463158442
ENSG00000114902,-0.12759356,0.463166055
ENSG00000115541,0.23851,0.463327873
ENSG00000275778,-0.400385885,0.463413953
ENSG00000123643,-0.186709798,0.463432042
ENSG00000135925,-0.364592059,0.463442302
ENSG00000170385,-0.099925288,0.4634559
ENSG00000089327,-0.100188073,0.463573209
ENSG00000100823,-0.14496428,0.463633709
ENSG00000169860,-0.162839586,0.463845037
ENSG00000035403,-0.150492897,0.463847442
ENSG00000157500,0.104197468,0.463890606
ENSG00000177425,0.282273911,0.464069751
ENSG00000168394,-0.135435847,0.464100034
ENSG00000135002,0.170333558,0.464239673
ENSG00000163939,0.069951047,0.464456341
ENSG00000157168,0.808651639,0.464557416
ENSG00000111671,0.145752484,0.464657031
ENSG00000117691,-0.164424726,0.464868945
ENSG00000188343,0.150806928,0.465106124
ENSG00000125977,0.100694134,0.465161234
ENSG00000134283,0.085929447,0.465179714
ENSG00000141562,-0.187885072,0.465181929
ENSG00000124570,0.134471102,0.465237377
ENSG00000101150,-0.167482671,0.465265145
ENSG00000158473,-0.153654944,0.465522504
ENSG00000105438,0.08112498,0.46555666
ENSG00000113300,0.130370674,0.465622829
ENSG00000100106,-0.159969878,0.465623345
ENSG00000112578,-0.143375237,0.465642951
ENSG00000225614,-0.193901451,0.465707318
ENSG00000197037,0.076012862,0.465725778
ENSG00000165140,-0.210579387,0.465905878
ENSG00000137494,0.127401492,0.465982973
ENSG00000129226,-0.164445149,0.465984129
ENSG00000120437,-0.166249419,0.466000958
ENSG00000139266,0.154471897,0.46604233
ENSG00000169083,-0.503548839,0.466095848
ENSG00000169252,0.252481117,0.466116184
ENSG00000103043,-0.11366932,0.466116187
ENSG00000157978,-0.170603749,0.466127581
ENSG00000196465,-0.284631056,0.466332087
ENSG00000076928,-0.115798445,0.466373545
ENSG00000198464,-0.230906736,0.466465272
ENSG00000071655,-0.105149286,0.466651008
ENSG00000105556,-0.116422884,0.466746752
ENSG00000075415,-0.07552352,0.466820181
ENSG00000135617,0.23881495,0.466893093
ENSG00000204310,-0.145265853,0.466939408
ENSG00000099953,-0.503202539,0.466978755
ENSG00000198690,0.112933277,0.466990766
ENSG00000105472,-0.318810987,0.467036794
ENSG00000127804,0.110622675,0.467046646
ENSG00000136770,0.203254231,0.467056665
ENSG00000138669,-0.380793466,0.467084791
ENSG00000116679,-0.150099598,0.467106101
ENSG00000159063,-0.124486223,0.467149512
ENSG00000059377,-0.205874334,0.467243936
ENSG00000124222,0.157212151,0.467334264
ENSG00000196407,0.623118558,0.467441451
ENSG00000137575,-0.219706477,0.467572165
ENSG00000095261,0.102001443,0.467638129
ENSG00000173273,0.093110606,0.467704205
ENSG00000047621,-0.11709494,0.467708777
ENSG00000008311,0.267997214,0.467715843
ENSG00000164162,0.201290797,0.467785398
ENSG00000085185,0.264883304,0.467891659
ENSG00000148334,-0.143705264,0.467905635
ENSG00000165410,-0.189945522,0.468005324
ENSG00000171604,-0.195347713,0.468310196
ENSG00000148488,0.307096302,0.468366149
ENSG00000198265,0.112432946,0.468669548
ENSG00000136448,0.05652709,0.468675098
ENSG00000127507,-0.273084188,0.468982469
ENSG00000105993,-0.090582696,0.469013577
ENSG00000165905,0.348795128,0.469130397
ENSG00000118473,-0.742729621,0.469212235
ENSG00000186283,0.097392457,0.469293903
ENSG00000159314,-0.156414992,0.469310336
ENSG00000005206,-0.142964735,0.469370954
ENSG00000186564,0.27923763,0.469379804
ENSG00000026508,0.081999503,0.469435639
ENSG00000120699,-0.129396623,0.469439441
ENSG00000112079,0.064726449,0.469485978
ENSG00000145912,-0.158095823,0.469489547
ENSG00000153187,0.073691278,0.469518981
ENSG00000168522,0.097927154,0.469569866
ENSG00000092820,0.108059039,0.469575832
ENSG00000269858,-0.136908735,0.469597028
ENSG00000069020,0.158499203,0.469646674
ENSG00000158636,0.095081749,0.469792318
ENSG00000008838,-0.100041622,0.469987935
ENSG00000105835,-0.297058399,0.470181163
ENSG00000114737,0.170253372,0.470219232
ENSG00000171130,-0.17683905,0.47021936
ENSG00000270181,0.890339603,0.470240852
ENSG00000111846,0.179764402,0.470315771
ENSG00000094880,0.117354757,0.470330021
ENSG00000173950,-0.127040041,0.470407389
ENSG00000163412,0.151481792,0.470455097
ENSG00000166411,-0.111154783,0.470517941
ENSG00000137078,0.203214802,0.470524599
ENSG00000255152,-0.625241572,0.470542778
ENSG00000177879,0.145091537,0.470559746
ENSG00000167528,-0.189826757,0.470595971
ENSG00000125910,-0.147386015,0.470674702
ENSG00000154027,-0.357421367,0.470715933
ENSG00000167671,-0.350906385,0.470777253
ENSG00000005961,-0.454676218,0.47083189
ENSG00000196312,0.118684725,0.470861546
ENSG00000134184,-1.356875906,0.471091137
ENSG00000151651,-0.178141592,0.47110178
ENSG00000131652,-0.124857336,0.471106677
ENSG00000106034,0.278407748,0.471169025
ENSG00000144040,-0.172609286,0.471232593
ENSG00000117984,-0.168672944,0.471247667
ENSG00000100196,0.176611925,0.47125838
ENSG00000005448,0.212006459,0.471310365
ENSG00000166800,0.401562008,0.471379352
ENSG00000162390,-0.407276401,0.471540224
ENSG00000158796,-0.09544341,0.47165803
ENSG00000167645,-0.132956963,0.471707387
ENSG00000101596,-0.184237765,0.471778517
ENSG00000183117,-0.648868627,0.471840938
ENSG00000108439,0.117630428,0.47194251
ENSG00000165181,0.385255599,0.471976823
ENSG00000167081,0.110639422,0.472187659
ENSG00000128886,0.415309352,0.472205137
ENSG00000187118,-0.260967996,0.472338941
ENSG00000222046,0.322403278,0.472345249
ENSG00000135048,-0.119691909,0.472345588
ENSG00000274180,-0.238132623,0.472394494
ENSG00000163069,0.213982745,0.472464932
ENSG00000255587,-0.37385943,0.472493627
ENSG00000158859,-0.325636046,0.472557729
ENSG00000173258,0.168403462,0.472558508
ENSG00000125868,-0.17766055,0.472734719
ENSG00000023191,-0.113448353,0.472797356
ENSG00000167766,0.150343641,0.472887206
ENSG00000125355,-0.348622979,0.472958216
ENSG00000108010,0.107588089,0.472971775
ENSG00000177225,0.086275864,0.472987457
ENSG00000179364,-0.115895179,0.473001283
ENSG00000127720,-0.118880039,0.473107031
ENSG00000010803,0.134253586,0.473173751
ENSG00000130340,0.179268254,0.473189428
ENSG00000160014,-0.122020522,0.473225699
ENSG00000160953,0.15795008,0.473359238
ENSG00000247315,0.105038153,0.473498501
ENSG00000006756,-0.181413012,0.473597317
ENSG00000187860,-0.249100149,0.473618619
ENSG00000053770,0.08540992,0.473660834
ENSG00000133114,0.119401415,0.473719327
ENSG00000156804,-0.170505663,0.473737304
ENSG00000174885,-0.424434405,0.473747332
ENSG00000101811,0.14094242,0.47382277
ENSG00000099810,0.119268552,0.473873536
ENSG00000103363,-0.178577512,0.473886201
ENSG00000125447,-0.108719037,0.473889513
ENSG00000198517,-0.111349142,0.473893405
ENSG00000157191,0.075975829,0.473990982
ENSG00000142347,-0.168088516,0.474039486
ENSG00000198216,-0.408523686,0.474066967
ENSG00000168060,0.173539024,0.474088363
ENSG00000146859,-0.211741526,0.474088722
ENSG00000165025,-0.175796516,0.474111433
ENSG00000116260,-0.145252865,0.474157783
ENSG00000139597,0.084572551,0.474194623
ENSG00000198663,0.058815916,0.474310572
ENSG00000144668,-0.344801351,0.474331349
ENSG00000234511,0.150665613,0.474485562
ENSG00000214194,0.193654931,0.474566858
ENSG00000058673,0.115284816,0.474694179
ENSG00000159905,0.275756787,0.474725479
ENSG00000198901,-0.188828787,0.474758042
ENSG00000134765,-0.604273653,0.474759678
ENSG00000171862,-0.197182064,0.474783332
ENSG00000090674,-0.295239941,0.474789168
ENSG00000135127,0.140742532,0.4748637
ENSG00000140553,0.092175351,0.474869601
ENSG00000152439,-0.176425185,0.475150235
ENSG00000113119,-0.108970518,0.47533649
ENSG00000169118,0.063457172,0.475369059
ENSG00000065328,-0.406166691,0.475385142
ENSG00000065057,0.223415973,0.475408709
ENSG00000162639,-0.160697875,0.475494044
ENSG00000077463,-0.144118625,0.47559167
ENSG00000157224,-0.252892045,0.475606207
ENSG00000100425,-0.077715857,0.475608433
ENSG00000101191,0.066159391,0.475865445
ENSG00000073737,0.309269322,0.475867101
ENSG00000178719,-0.349459034,0.476092754
ENSG00000168785,-0.361061564,0.476177505
ENSG00000248871,1.019725894,0.476186116
ENSG00000122140,0.133020534,0.476203764
ENSG00000184060,0.167105675,0.47621476
ENSG00000140675,-0.324137404,0.476406533
ENSG00000179914,0.452613363,0.476620721
ENSG00000087365,-0.070309909,0.476670002
ENSG00000105397,-0.12217092,0.47670559
ENSG00000100346,-0.363377761,0.476735634
ENSG00000110218,-0.119046605,0.476739227
ENSG00000185513,0.151935156,0.476886398
ENSG00000117394,-0.22252402,0.476887427
ENSG00000100368,-0.234423228,0.476895758
ENSG00000141380,0.095468653,0.47691863
ENSG00000163319,0.127723549,0.476939428
ENSG00000196678,0.199190243,0.476943728
ENSG00000133247,-0.199133454,0.477037551
ENSG00000172869,0.086533124,0.477163056
ENSG00000117280,0.191227447,0.477186624
ENSG00000139668,0.117938383,0.477212094
ENSG00000112110,0.150945391,0.477217573
ENSG00000221988,0.235114819,0.47726971
ENSG00000177106,-0.229663765,0.477402514
ENSG00000129353,-0.170557588,0.477465341
ENSG00000144231,0.112557274,0.477506777
ENSG00000271321,0.656497613,0.477508248
ENSG00000111897,-0.104061655,0.477772603
ENSG00000110921,-0.167960857,0.477808254
ENSG00000059122,0.207766614,0.477825236
ENSG00000142396,0.101851721,0.477843797
ENSG00000065150,0.097047373,0.477966614
ENSG00000196154,-0.123630968,0.478019113
ENSG00000131355,-0.240099238,0.478076663
ENSG00000148158,-0.079106912,0.478098829
ENSG00000151881,0.186543083,0.478144714
ENSG00000284976,-0.131551084,0.478181658
ENSG00000159335,-0.279859321,0.478182745
ENSG00000108599,0.076693902,0.478187389
ENSG00000249115,-0.152169793,0.478335464
ENSG00000117758,0.0807745,0.478435256
ENSG00000119487,0.055444166,0.478440162
ENSG00000139289,0.242382966,0.478554879
ENSG00000100731,-0.164888993,0.478578527
ENSG00000188603,-0.088286426,0.478607309
ENSG00000140564,-0.261593314,0.478681982
ENSG00000165832,0.166233956,0.478685085
ENSG00000170989,0.19434358,0.478721037
ENSG00000166801,0.086822995,0.478842089
ENSG00000162994,0.254015703,0.478872613
ENSG00000183091,-0.156810609,0.478933359
ENSG00000143774,-0.335144593,0.478933743
ENSG00000130396,0.326166829,0.478946935
ENSG00000182993,-0.22388322,0.47904255
ENSG00000105520,-0.290069578,0.479044827
ENSG00000159055,0.216032483,0.479139661
ENSG00000181751,0.131035665,0.479157129
ENSG00000066468,0.438440646,0.479161754
ENSG00000174516,0.145448339,0.479200246
ENSG00000185507,-0.234679514,0.479288024
ENSG00000167491,-0.134396885,0.479298841
ENSG00000058262,-0.079724106,0.479376893
ENSG00000175691,0.187291727,0.47944829
ENSG00000109956,-0.407630421,0.479455332
ENSG00000081985,0.278585542,0.479688256
ENSG00000134545,0.324002222,0.479792426
ENSG00000005469,0.192036758,0.479820922
ENSG00000169891,-0.275015148,0.479882307
ENSG00000101421,-0.210093931,0.479921393
ENSG00000175463,-0.082549883,0.479930118
ENSG00000164105,-0.194684132,0.480039767
ENSG00000163297,0.11527556,0.480165
ENSG00000114757,-0.301952095,0.480173443
ENSG00000164039,0.238882946,0.480416655
ENSG00000148840,-0.134591074,0.480548378
ENSG00000125354,0.09275413,0.480594172
ENSG00000273079,0.85952106,0.480625455
ENSG00000101940,-0.135993133,0.480910838
ENSG00000110442,-0.078970518,0.480933571
ENSG00000012779,-0.232303451,0.480970791
ENSG00000116133,-0.284999082,0.481031514
ENSG00000241399,-0.155575911,0.481130383
ENSG00000135272,0.159930575,0.481131283
ENSG00000072858,0.15517253,0.481136358
ENSG00000136732,-0.352786941,0.481142052
ENSG00000101363,0.146689419,0.48114248
ENSG00000166503,-0.183190399,0.481310943
ENSG00000205323,0.160018657,0.481334771
ENSG00000079246,-0.075861189,0.481395294
ENSG00000171174,0.200675504,0.48149782
ENSG00000080802,0.096764646,0.481738782
ENSG00000159885,0.218166236,0.481888486
ENSG00000213719,-0.126366019,0.481927645
ENSG00000164048,0.112792131,0.481970687
ENSG00000166974,0.07601957,0.481978083
ENSG00000243207,0.820124251,0.481991304
ENSG00000255423,-0.138943047,0.482127215
ENSG00000145721,0.341605569,0.482157421
ENSG00000169756,-0.170815207,0.482261002
ENSG00000165233,-0.128646948,0.482286775
ENSG00000135636,-0.349299849,0.482357337
ENSG00000282608,-0.436365905,0.482401796
ENSG00000117586,-0.23898539,0.482535925
ENSG00000067182,-0.190529464,0.482538287
ENSG00000145782,0.075020942,0.482577341
ENSG00000111321,-0.219883213,0.482583139
ENSG00000179454,0.083849124,0.482646035
ENSG00000130429,-0.115938826,0.482687946
ENSG00000119669,-0.255705351,0.482693211
ENSG00000186314,0.274068315,0.482868874
ENSG00000198270,0.168452591,0.48304551
ENSG00000124688,0.13912672,0.483120122
ENSG00000141480,-0.146139445,0.483125761
ENSG00000065029,0.117449292,0.483198568
ENSG00000128218,0.483383047,0.483209772
ENSG00000188070,0.151703955,0.483317113
ENSG00000082068,0.101282762,0.483401793
ENSG00000140931,-0.094536647,0.483551061
ENSG00000138442,-0.113620022,0.483611761
ENSG00000160321,0.531229247,0.483647328
ENSG00000196227,-0.088086303,0.48366077
ENSG00000214212,-0.18437533,0.483686137
ENSG00000136950,0.154587473,0.483776173
ENSG00000083750,0.110228521,0.483787671
ENSG00000169692,-0.150683089,0.483844123
ENSG00000262655,0.246696072,0.483894979
ENSG00000130803,-0.052699052,0.484055742
ENSG00000111665,0.366205406,0.484067082
ENSG00000225932,0.771687872,0.484126476
ENSG00000123154,-0.150578964,0.484278559
ENSG00000109133,-0.08841909,0.484303539
ENSG00000174456,-0.109993285,0.48437681
ENSG00000196562,-0.204227679,0.484471059
ENSG00000166233,0.065334393,0.484488932
ENSG00000101945,-0.113016055,0.484639641
ENSG00000169403,-0.208858242,0.484798895
ENSG00000002726,-0.754359666,0.484922467
ENSG00000128791,0.135458775,0.484981215
ENSG00000007516,-0.30504451,0.485021026
ENSG00000164164,0.097111224,0.485041923
ENSG00000175155,-0.099468967,0.485089523
ENSG00000130725,-0.154689574,0.485092108
ENSG00000151876,-0.18948933,0.485114696
ENSG00000163249,0.122406805,0.48516423
ENSG00000185722,-0.105729112,0.485251172
ENSG00000159556,-0.325488253,0.485516295
ENSG00000099330,0.164673269,0.485532593
ENSG00000185658,0.085800527,0.485544033
ENSG00000215695,-0.209137236,0.485651704
ENSG00000168653,-0.227934648,0.485882441
ENSG00000186787,0.187310823,0.485931985
ENSG00000139637,-0.172456224,0.486065323
ENSG00000135778,0.107598605,0.486170649
ENSG00000161010,0.128154823,0.486175151
ENSG00000137338,-0.255844415,0.486210095
ENSG00000182866,0.167166303,0.486212587
ENSG00000160563,0.136571404,0.486248262
ENSG00000181666,0.133367745,0.486315986
ENSG00000124160,0.085073803,0.48637484
ENSG00000081665,0.085661404,0.486437141
ENSG00000032742,0.116004874,0.486442761
ENSG00000108641,-0.473531382,0.486512172
ENSG00000196659,0.151986059,0.486547692
ENSG00000243708,-0.266758891,0.486612676
ENSG00000146094,-0.303209437,0.486656589
ENSG00000087053,-0.110802846,0.486676509
ENSG00000172348,-0.520541254,0.486706505
ENSG00000107551,-0.163839766,0.4867093
ENSG00000005156,-0.074221318,0.486925437
ENSG00000138468,0.088755725,0.486996521
ENSG00000164466,0.111198595,0.487093674
ENSG00000134186,-0.076638139,0.48710191
ENSG00000132141,-0.237998632,0.487128705
ENSG00000114948,0.294852905,0.487136718
ENSG00000143793,0.140286778,0.487144336
ENSG00000103264,0.123218956,0.487270154
ENSG00000163961,0.081924835,0.487405943
ENSG00000197530,-0.149280309,0.487538358
ENSG00000184922,-0.16417221,0.487674242
ENSG00000138814,-0.09634953,0.487742252
ENSG00000104047,0.116611967,0.487831642
ENSG00000105655,-0.160644504,0.487862361
ENSG00000203666,0.247157095,0.487915756
ENSG00000153283,0.15927818,0.488044696
ENSG00000105220,-0.099016927,0.488121281
ENSG00000163464,-0.282347749,0.488151746
ENSG00000177427,0.1046747,0.488215948
ENSG00000135914,-0.282106429,0.488266905
ENSG00000177721,0.17894019,0.488321771
ENSG00000115138,-0.358055543,0.488345848
ENSG00000110906,-0.102777309,0.488357732
ENSG00000181938,0.251017936,0.488478542
ENSG00000105327,-0.168200249,0.488552773
ENSG00000164047,-0.501904082,0.48856009
ENSG00000271567,0.650868172,0.488598011
ENSG00000198561,0.150919383,0.488737587
ENSG00000160145,0.252752977,0.488911442
ENSG00000096746,0.096193457,0.488963615
ENSG00000174010,0.093264843,0.489153393
ENSG00000168421,0.13958309,0.489192956
ENSG00000198695,-0.376155597,0.489237003
ENSG00000141965,0.163445211,0.489391209
ENSG00000180979,0.099468201,0.489508754
ENSG00000261739,-0.471032048,0.489637875
ENSG00000126254,-0.094374994,0.489665645
ENSG00000135297,0.099020315,0.489667818
ENSG00000125633,0.054845962,0.489684324
ENSG00000276289,-0.833469623,0.489691012
ENSG00000171517,0.570774149,0.489719735
ENSG00000173846,-0.188644939,0.489950322
ENSG00000171094,0.271010172,0.490024185
ENSG00000147059,0.337595971,0.490317801
ENSG00000138686,0.133735326,0.490362929
ENSG00000217930,-0.239578169,0.490371875
ENSG00000100234,0.457463404,0.490403015
ENSG00000169567,0.216268199,0.490412562
ENSG00000256771,0.180309743,0.490453414
ENSG00000163607,0.116582221,0.490482736
ENSG00000119185,0.117569626,0.490496842
ENSG00000165195,-0.107826682,0.490546613
ENSG00000238269,-0.46595195,0.490772488
ENSG00000128159,0.120035219,0.490794153
ENSG00000131378,0.121817685,0.490830358
ENSG00000117091,0.158688138,0.490874585
ENSG00000106799,0.086161943,0.490909129
ENSG00000104883,-0.353115412,0.490918796
ENSG00000121807,0.156739379,0.49096451
ENSG00000146587,0.121865285,0.491011527
ENSG00000266173,0.077151897,0.491017108
ENSG00000163026,-0.12634042,0.491111683
ENSG00000239306,0.09696714,0.491120182
ENSG00000172404,0.234818018,0.491193463
ENSG00000187531,-0.09880797,0.491220947
ENSG00000103199,-0.109893892,0.491264923
ENSG00000253710,-0.09755151,0.491280044
ENSG00000197872,-0.17045636,0.491353944
ENSG00000186272,0.131703429,0.491483578
ENSG00000254087,-0.200362693,0.491483916
ENSG00000214026,-0.13427814,0.491639545
ENSG00000101146,-0.069666027,0.491661602
ENSG00000177710,0.321375286,0.491662056
ENSG00000115687,0.191853537,0.49187672
ENSG00000171735,0.127630921,0.491903616
ENSG00000213445,-0.126489859,0.491904043
ENSG00000104921,0.320574748,0.491921659
ENSG00000014257,-0.200621314,0.491926194
ENSG00000185624,-0.074367597,0.491959699
ENSG00000285897,-0.466129889,0.492171099
ENSG00000021645,-0.442995444,0.492252407
ENSG00000170075,0.182065184,0.492258543
ENSG00000185246,0.111645844,0.492268185
ENSG00000076382,0.19555779,0.492281775
ENSG00000122490,-0.202294973,0.492368305
ENSG00000112414,-0.371540975,0.492407362
ENSG00000222011,0.136376153,0.492495777
ENSG00000162852,0.081853502,0.492703868
ENSG00000167770,-0.064119558,0.492720429
ENSG00000006453,-0.197279206,0.492786786
ENSG00000116678,0.27608078,0.492811525
ENSG00000171241,0.399352001,0.492922089
ENSG00000136485,0.071191267,0.492932349
ENSG00000101493,-0.241797136,0.492944398
ENSG00000174775,-0.192768241,0.492962571
ENSG00000127989,0.122864349,0.493020302
ENSG00000229183,0.656609136,0.493150684
ENSG00000025770,-0.102554524,0.493156364
ENSG00000151229,0.124562964,0.493199022
ENSG00000023228,0.050509447,0.493211917
ENSG00000058091,-0.214462467,0.49336277
ENSG00000151116,0.10008549,0.493389657
ENSG00000103042,0.160142992,0.493438978
ENSG00000143167,-0.233424382,0.493475957
ENSG00000112130,-0.122586846,0.493489204
ENSG00000156697,0.126358394,0.493505643
ENSG00000120733,-0.110398847,0.49351856
ENSG00000006062,0.09195378,0.49355067
ENSG00000138735,-0.210946872,0.493584612
ENSG00000150456,0.369351857,0.493591062
ENSG00000148120,0.121116509,0.493592748
ENSG00000146833,-0.076558253,0.493639732
ENSG00000166016,-0.296422331,0.493678781
ENSG00000006194,-0.074708063,0.493721589
ENSG00000081154,0.106845402,0.493827076
ENSG00000171877,0.235398722,0.493921141
ENSG00000013375,0.123895815,0.494055761
ENSG00000164815,0.153329296,0.494192365
ENSG00000159784,-0.323142352,0.494197649
ENSG00000272899,-0.30513914,0.494226565
ENSG00000106009,-0.112796566,0.49422902
ENSG00000140990,0.115345281,0.494270906
ENSG00000175003,0.315637767,0.494355345
ENSG00000169764,0.068228523,0.494563885
ENSG00000135829,0.061942156,0.494577608
ENSG00000114993,-0.425784932,0.49465637
ENSG00000146376,-0.131067571,0.49467148
ENSG00000121060,-0.223572478,0.494823609
ENSG00000213782,-0.109778795,0.494857782
ENSG00000139117,0.131974648,0.4949462
ENSG00000177191,-0.244285124,0.494947934
ENSG00000161835,-0.385799817,0.495108959
ENSG00000164830,0.093734239,0.495227581
ENSG00000011258,-0.089845758,0.495296896
ENSG00000280433,-0.196296703,0.495297303
ENSG00000206503,-0.244801853,0.495383413
ENSG00000137038,0.176827599,0.495420174
ENSG00000198373,-0.12827982,0.495460459
ENSG00000180879,-0.116448028,0.495542754
ENSG00000180008,0.105361126,0.495544687
ENSG00000074621,0.122116362,0.495592676
ENSG00000090372,-0.149392601,0.495638766
ENSG00000130749,-0.113173559,0.495679254
ENSG00000136026,-0.236785752,0.49569509
ENSG00000011523,0.096805192,0.495918669
ENSG00000151690,0.108107504,0.496133912
ENSG00000170445,0.063853275,0.49615088
ENSG00000163220,-0.252068569,0.496229152
ENSG00000188811,0.090727113,0.496258438
ENSG00000124140,-0.259036817,0.496350676
ENSG00000167094,-0.348720897,0.496366265
ENSG00000153391,-0.18264697,0.496430355
ENSG00000108839,-0.303431272,0.496493556
ENSG00000123485,0.4631839,0.496503784
ENSG00000104918,-0.43776632,0.496515619
ENSG00000138433,-0.140788134,0.496519747
ENSG00000102786,0.082676219,0.496524433
ENSG00000152518,-0.122376173,0.496566441
ENSG00000162692,-0.708221305,0.496623961
ENSG00000140284,-0.329016165,0.496636535
ENSG00000196730,-0.19977561,0.496636723
ENSG00000198589,0.123196177,0.496721247
ENSG00000187193,-0.225227087,0.496762809
ENSG00000157557,-0.183382033,0.496882607
ENSG00000077044,-0.087326125,0.497029148
ENSG00000135775,0.094145812,0.497097966
ENSG00000177034,0.135760522,0.497106002
ENSG00000126456,0.079298522,0.497256447
ENSG00000005022,0.115503023,0.497325237
ENSG00000122729,0.195079471,0.49735337
ENSG00000242802,-0.107073344,0.497368471
ENSG00000186635,-0.182744441,0.49738711
ENSG00000150995,0.103652234,0.497404236
ENSG00000198625,0.095162377,0.497418996
ENSG00000127463,0.10606949,0.497420448
ENSG00000127948,-0.148519719,0.497438962
ENSG00000121481,0.095406391,0.497458518
ENSG00000112242,-0.164449738,0.497493693
ENSG00000165934,-0.061360678,0.497513249
ENSG00000157873,-0.115655024,0.497525043
ENSG00000204482,-0.13546624,0.497588604
ENSG00000139197,-0.086905117,0.497748871
ENSG00000100599,-0.15028806,0.497853239
ENSG00000197520,-0.316666029,0.49789475
ENSG00000111880,0.094868067,0.497927431
ENSG00000161217,-0.07752302,0.498011419
ENSG00000067334,0.150347433,0.498065603
ENSG00000150687,-0.332180172,0.498125965
ENSG00000138722,-0.41304731,0.498171729
ENSG00000115112,0.520481101,0.498189299
ENSG00000125900,-0.280635298,0.498221935
ENSG00000106330,-0.188124585,0.498259524
ENSG00000080822,0.093886772,0.498342106
ENSG00000099338,0.25214527,0.498376652
ENSG00000172508,-0.259194849,0.498381333
ENSG00000186130,0.112935458,0.498579549
ENSG00000131370,-0.11307052,0.498622163
ENSG00000133243,-0.095847463,0.498686181
ENSG00000249471,-0.130812625,0.498868943
ENSG00000001630,-0.168889204,0.499116805
ENSG00000178922,-0.267065559,0.499253768
ENSG00000182983,-0.382081909,0.499269665
ENSG00000183283,-0.125481457,0.499292662
ENSG00000179168,-0.324845775,0.499362875
ENSG00000068024,-0.145894891,0.49939291
ENSG00000108064,0.120738018,0.499448054
ENSG00000164741,0.374592799,0.499462926
ENSG00000185127,0.079365921,0.499465017
ENSG00000138777,0.110539232,0.499498597
ENSG00000157429,0.164076662,0.499552427
ENSG00000164171,-0.210744536,0.499630891
ENSG00000139496,-0.113032862,0.499635808
ENSG00000147548,0.082600643,0.49971436
ENSG00000108788,-0.07440343,0.499736038
ENSG00000080824,0.151939341,0.499770493
ENSG00000187862,0.498284923,0.499794902
ENSG00000165512,0.162855794,0.499804422
ENSG00000172183,-0.169478635,0.499824042
ENSG00000170876,-0.107160809,0.499867053
ENSG00000186230,0.235201315,0.499884154
ENSG00000101445,0.145242905,0.499929647
ENSG00000168005,-0.172210735,0.499966862
ENSG00000188389,-0.270560962,0.499999969
ENSG00000242114,-0.202512959,0.500175995
ENSG00000126070,0.076007727,0.500214867
ENSG00000170011,0.289906743,0.500263383
ENSG00000188536,-0.390446735,0.50067873
ENSG00000173548,0.14249447,0.500682284
ENSG00000133142,0.237036284,0.500809133
ENSG00000068079,-0.233941204,0.501317662
ENSG00000132357,-0.202788459,0.50132635
ENSG00000103187,-0.150158389,0.50143128
ENSG00000114302,-0.070858165,0.501475432
ENSG00000171451,-0.397196651,0.501706885
ENSG00000187736,0.121644693,0.501724407
ENSG00000239305,-0.077079024,0.50177207
ENSG00000141448,0.544034482,0.501813384
ENSG00000115274,0.114214686,0.501814576
ENSG00000180332,0.290229001,0.501872379
ENSG00000006025,-0.175032471,0.501873746
ENSG00000172728,0.115308404,0.501883639
ENSG00000108797,0.259341312,0.502015726
ENSG00000100314,-0.309921174,0.502045618
ENSG00000176049,0.274974807,0.502118355
ENSG00000062725,0.053334102,0.502240312
ENSG00000165633,0.851557554,0.502248451
ENSG00000173068,-0.426999841,0.502258603
ENSG00000167747,0.150447319,0.502355764
ENSG00000109618,-0.095202771,0.502361604
ENSG00000135838,-0.248586833,0.502402469
ENSG00000250479,-0.181987195,0.502458104
ENSG00000135164,0.08347929,0.502472955
ENSG00000157916,0.059973503,0.502496622
ENSG00000164674,-0.134496795,0.502508593
ENSG00000165661,-0.075815236,0.502513008
ENSG00000196652,-0.072994861,0.502617566
ENSG00000198223,-0.185795203,0.502718998
ENSG00000130733,-0.180088919,0.502811606
ENSG00000129932,-0.194677581,0.502932689
ENSG00000136802,-0.139895405,0.502981453
ENSG00000013364,-0.110090315,0.503084001
ENSG00000196177,0.1167706,0.503092527
ENSG00000103024,0.147667033,0.503094365
ENSG00000148426,-0.363164679,0.503326236
ENSG00000104447,0.115503903,0.503327063
ENSG00000175105,0.089131059,0.503385589
ENSG00000068971,-0.272778619,0.503431378
ENSG00000177455,0.242229042,0.5034692
ENSG00000182134,0.170006163,0.503483121
ENSG00000063978,0.057756999,0.503584346
ENSG00000031003,0.072268385,0.503683824
ENSG00000096401,0.077161611,0.503709973
ENSG00000101365,-0.069911949,0.503731624
ENSG00000140961,-0.329337075,0.503741066
ENSG00000113719,-0.193687704,0.5038823
ENSG00000169894,0.812489224,0.503989306
ENSG00000135596,-0.148118933,0.504007282
ENSG00000198932,0.211546979,0.504179133
ENSG00000106415,0.138508639,0.504402634
ENSG00000007129,0.137673655,0.504570612
ENSG00000133466,0.115592304,0.504623455
ENSG00000206557,-0.48012104,0.50463135
ENSG00000147234,-0.316411854,0.504708205
ENSG00000203705,-0.108314952,0.504736745
ENSG00000109063,-0.142807667,0.504956321
ENSG00000274267,-0.456617107,0.504992845
ENSG00000138138,0.107262204,0.505049684
ENSG00000185862,-0.14200285,0.505221883
ENSG00000135315,0.121620317,0.505245969
ENSG00000214456,-0.409235542,0.505317855
ENSG00000164241,0.174195765,0.505394793
ENSG00000239388,0.174394418,0.505439892
ENSG00000122862,-0.202334936,0.50562386
ENSG00000100330,-0.166396435,0.505650176
ENSG00000165959,-0.208900937,0.505711291
ENSG00000162490,0.505840458,0.505838355
ENSG00000158220,0.259393745,0.505895319
ENSG00000150768,0.122057285,0.505911621
ENSG00000159640,0.327940084,0.505941722
ENSG00000164080,0.117063856,0.505991303
ENSG00000162869,0.098095668,0.505992316
ENSG00000164754,-0.075610953,0.506012847
ENSG00000132326,-0.131398312,0.506045325
ENSG00000173611,0.124361073,0.506067438
ENSG00000213064,0.119539759,0.506073704
ENSG00000137207,-0.176593771,0.50607698
ENSG00000187922,0.47939355,0.506125428
ENSG00000140829,-0.07114749,0.506130006
ENSG00000171159,-0.112755644,0.506169376
ENSG00000184009,-0.089545153,0.506214674
ENSG00000103275,0.066975622,0.506526124
ENSG00000167995,-0.230095959,0.506536513
ENSG00000274049,-1.040418663,0.506537016
ENSG00000120802,0.082621324,0.506556335
ENSG00000248487,0.19923384,0.506655712
ENSG00000266472,0.141650123,0.50678896
ENSG00000090861,-0.099143198,0.506803866
ENSG00000109083,0.117055774,0.506830241
ENSG00000152147,0.1664967,0.506864549
ENSG00000123131,0.190601729,0.506927744
ENSG00000130147,0.26630171,0.507001549
ENSG00000221983,-0.228912995,0.507237825
ENSG00000128683,-0.718624792,0.507441345
ENSG00000102763,0.127469611,0.507454606
ENSG00000213213,-0.464183083,0.507503316
ENSG00000175110,0.105600639,0.507607593
ENSG00000101342,0.204100305,0.507625823
ENSG00000127054,-0.080207221,0.507669951
ENSG00000100239,-0.084253782,0.507770827
ENSG00000114315,-0.382806679,0.50779904
ENSG00000164638,0.350198774,0.507852262
ENSG00000170242,0.093523868,0.507970864
ENSG00000150625,0.475188137,0.508132342
ENSG00000184786,0.210140033,0.508155823
ENSG00000118007,0.056687011,0.508164354
ENSG00000161328,0.335654633,0.508330619
ENSG00000071794,0.119109162,0.508459151
ENSG00000049246,-0.155069856,0.50851367
ENSG00000196843,-0.11008333,0.508587325
ENSG00000169727,-0.086012166,0.508749763
ENSG00000168004,-0.531857551,0.508750158
ENSG00000099308,-0.164647321,0.508795473
ENSG00000159840,-0.198164335,0.508820586
ENSG00000198171,-0.110944366,0.508855006
ENSG00000184056,-0.118512757,0.508856618
ENSG00000197272,-0.397632765,0.508893164
ENSG00000165527,0.088294612,0.508992091
ENSG00000140545,0.351718181,0.509278607
ENSG00000171044,0.21302751,0.509315017
ENSG00000161999,-0.101870276,0.509413658
ENSG00000090054,-0.072004049,0.509456074
ENSG00000132196,0.096537887,0.509475446
ENSG00000164961,-0.064069233,0.509622257
ENSG00000134222,-0.241464621,0.509753926
ENSG00000158373,-0.152698154,0.50983771
ENSG00000204305,0.225783453,0.509867769
ENSG00000058056,0.147605052,0.509894508
ENSG00000197343,0.059216377,0.509943908
ENSG00000163374,-0.155132032,0.509988944
ENSG00000148572,-0.200236363,0.510043583
ENSG00000249662,0.418611177,0.510171868
ENSG00000115155,-0.75301076,0.510315432
ENSG00000089060,-0.137305827,0.510318521
ENSG00000103540,0.090522655,0.510437583
ENSG00000171368,0.193838987,0.510441643
ENSG00000155329,0.178371859,0.5105121
ENSG00000160791,0.298660858,0.510698085
ENSG00000004660,-0.223605009,0.510748521
ENSG00000118515,-0.226954849,0.510808279
ENSG00000166398,0.088023988,0.510834066
ENSG00000198382,0.069715572,0.510837098
ENSG00000088826,-0.331134256,0.510837539
ENSG00000198846,-0.212372823,0.510895012
ENSG00000163932,-0.173614496,0.51094664
ENSG00000113580,0.081904908,0.511144097
ENSG00000163029,0.090179657,0.511193618
ENSG00000122122,-0.062658115,0.511201135
ENSG00000111276,-0.07153466,0.511439492
ENSG00000073111,-0.133734898,0.511463409
ENSG00000035664,-0.198684857,0.511554159
ENSG00000273294,-0.858552535,0.511556301
ENSG00000111145,0.077558509,0.511639413
ENSG00000117481,-0.111858212,0.511733672
ENSG00000111196,-0.150061072,0.511785996
ENSG00000203730,-0.250677994,0.51180893
ENSG00000085721,-0.107786763,0.511886024
ENSG00000184900,-0.111419914,0.511908976
ENSG00000105701,-0.345212385,0.511948878
ENSG00000206177,-0.453468346,0.51199781
ENSG00000154359,-0.137769729,0.512001964
ENSG00000166342,-0.407001441,0.512063517
ENSG00000189050,-0.076178447,0.512263741
ENSG00000072310,-0.169348163,0.512271184
ENSG00000145982,0.153535823,0.512350774
ENSG00000134548,-0.436672786,0.5123939
ENSG00000173581,-0.251457872,0.512501695
ENSG00000072422,-0.256001219,0.512572608
ENSG00000164054,-0.145950856,0.512683026
ENSG00000139354,-0.194428982,0.512742094
ENSG00000128609,0.157122749,0.512846859
ENSG00000009830,-0.149686011,0.512893714
ENSG00000065548,0.150520102,0.512917311
ENSG00000103544,-0.077008145,0.512941807
ENSG00000119778,0.076560548,0.5129718
ENSG00000180644,-0.258679863,0.513084027
ENSG00000172426,-0.142821388,0.513099822
ENSG00000106591,-0.147873077,0.513119777
ENSG00000197324,-0.19179737,0.51325339
ENSG00000174796,0.088493035,0.513623764
ENSG00000072163,-0.383035214,0.513639056
ENSG00000108582,-0.208386444,0.513652016
ENSG00000115504,0.121466527,0.513820341
ENSG00000198938,0.123829656,0.5140903
ENSG00000172977,-0.071756145,0.514124226
ENSG00000099999,-0.155037473,0.514277308
ENSG00000047578,0.109045767,0.514289658
ENSG00000041515,-0.418657307,0.51429976
ENSG00000196724,-0.275654508,0.51431661
ENSG00000139537,0.226074095,0.514424423
ENSG00000072786,-0.087449756,0.514531963
ENSG00000169116,0.298035491,0.514532127
ENSG00000196923,-0.238813871,0.514582407
ENSG00000172985,-0.484283533,0.514625841
ENSG00000179144,0.187289531,0.514675264
ENSG00000101916,-0.205536944,0.51474439
ENSG00000106952,0.135388848,0.514814044
ENSG00000177150,-0.137114543,0.514912125
ENSG00000152219,0.127655921,0.514921657
ENSG00000178175,0.247412868,0.514957496
ENSG00000140968,-0.133635331,0.515062858
ENSG00000188994,-0.088831534,0.515222941
ENSG00000166012,-0.086698758,0.515236054
ENSG00000096006,-0.610405316,0.51525621
ENSG00000010270,-0.121635723,0.515261153
ENSG00000204673,-0.181872149,0.515535732
ENSG00000105374,-0.27029586,0.515542331
ENSG00000102271,-0.907276601,0.515673526
ENSG00000166928,-0.207151373,0.515779781
ENSG00000179387,-0.104460402,0.515883426
ENSG00000077235,-0.09448813,0.515933969
ENSG00000049239,-0.116756632,0.51616657
ENSG00000139291,0.106673824,0.516169284
ENSG00000166794,-0.142686995,0.516274971
ENSG00000145685,-0.156263529,0.516361664
ENSG00000108179,-0.139052409,0.516814577
ENSG00000128973,-0.129705984,0.51689934
ENSG00000117155,0.125065644,0.516993833
ENSG00000101220,-0.210798552,0.517058713
ENSG00000128590,0.169426852,0.517122736
ENSG00000176834,0.185791283,0.517248898
ENSG00000167895,-0.122635326,0.517282096
ENSG00000137841,-0.124222939,0.517355732
ENSG00000128595,0.104558576,0.517391697
ENSG00000178732,-0.3534546,0.517427514
ENSG00000133318,-0.19354475,0.517505909
ENSG00000270149,0.287637081,0.51755072
ENSG00000101337,-0.081685939,0.517572457
ENSG00000144681,0.668108204,0.517573476
ENSG00000138185,-0.190108499,0.517806488
ENSG00000138376,0.136610395,0.518025668
ENSG00000124074,0.189036751,0.51812235
ENSG00000196329,0.139170399,0.518144634
ENSG00000153064,0.22272887,0.518176448
ENSG00000171840,-0.231924897,0.518193092
ENSG00000138303,0.084869265,0.518241014
ENSG00000137752,-0.127867043,0.518250819
ENSG00000129925,-0.119158244,0.518394139
ENSG00000162300,-0.081280596,0.518547934
ENSG00000142188,0.144001076,0.518643289
ENSG00000214087,0.131954871,0.518726847
ENSG00000005379,-0.243391155,0.518815665
ENSG00000122783,-0.094788147,0.5188215
ENSG00000102362,-0.378042508,0.518841096
ENSG00000187535,0.192805938,0.518942405
ENSG00000149970,0.287732725,0.519018593
ENSG00000161920,-0.107853324,0.51914521
ENSG00000178988,0.122603437,0.51938347
ENSG00000148908,-0.249616974,0.51945963
ENSG00000213865,0.170073928,0.519472036
ENSG00000072609,-0.088206178,0.51967459
ENSG00000078177,0.099136805,0.519713591
ENSG00000140104,0.248170213,0.519747322
ENSG00000205133,-0.184903218,0.519754743
ENSG00000139718,-0.192484764,0.519837621
ENSG00000034693,-0.153369777,0.519899396
ENSG00000134504,0.20966396,0.519943294
ENSG00000186575,0.074279531,0.519943839
ENSG00000204560,-0.050026726,0.51999018
ENSG00000167281,-0.338480995,0.520007013
ENSG00000103342,-0.307569594,0.520069513
ENSG00000197142,0.111649891,0.520087755
ENSG00000125962,0.125271445,0.520147126
ENSG00000214717,-0.110755608,0.520204976
ENSG00000105854,-0.257913573,0.520335572
ENSG00000115806,-0.096350497,0.520336619
ENSG00000111786,0.056856572,0.520470695
ENSG00000105610,-0.349699811,0.52049768
ENSG00000085265,-0.154108827,0.520566638
ENSG00000185917,0.111508595,0.520576904
ENSG00000168096,-0.136817834,0.520586483
ENSG00000163634,0.134107714,0.52063134
ENSG00000075089,-0.20525533,0.520679502
ENSG00000007520,0.100414864,0.520714153
ENSG00000189190,-0.250885033,0.5208463
ENSG00000182095,-0.177551899,0.520954662
ENSG00000253719,0.086235639,0.521000582
ENSG00000130299,-0.137290614,0.521186884
ENSG00000138079,0.236023143,0.521348448
ENSG00000196371,-0.123226226,0.521371188
ENSG00000196535,0.089037464,0.521439906
ENSG00000161558,-0.226609019,0.521553077
ENSG00000120805,0.140258919,0.5216403
ENSG00000107960,0.100905707,0.521757466
ENSG00000139187,0.434874666,0.521778353
ENSG00000175643,0.282653095,0.521782995
ENSG00000178562,0.209429321,0.521786122
ENSG00000182578,-0.153803079,0.521850866
ENSG00000145439,0.094906032,0.52186906
ENSG00000146416,-0.166281076,0.521876719
ENSG00000104714,0.121546767,0.521889892
ENSG00000172354,-0.16017536,0.521897905
ENSG00000131475,-0.10677141,0.521974198
ENSG00000018869,-0.195167809,0.522006344
ENSG00000160877,-0.101974839,0.52220945
ENSG00000163947,0.130969883,0.522232262
ENSG00000182742,0.238628034,0.52226451
ENSG00000064666,-0.151906593,0.522282743
ENSG00000054983,-0.103188813,0.522284499
ENSG00000128923,0.082084735,0.522419162
ENSG00000082781,-0.329002595,0.522564084
ENSG00000120594,-0.186489823,0.522674977
ENSG00000148384,-0.118289339,0.522711427
ENSG00000052850,-0.316066209,0.522712567
ENSG00000165694,-0.274740867,0.522738684
ENSG00000182185,0.122313816,0.522776903
ENSG00000186047,0.218369155,0.522815126
ENSG00000285827,0.244520523,0.522847709
ENSG00000203852,0.805593952,0.522865149
ENSG00000125877,0.110968462,0.522885981
ENSG00000162383,-0.46335812,0.522892109
ENSG00000122359,-0.107498485,0.522904019
ENSG00000100938,-0.086569221,0.5229747
ENSG00000183207,-0.102135509,0.522984846
ENSG00000160999,-0.276502523,0.523145913
ENSG00000174123,0.174639328,0.523167149
ENSG00000196139,-0.293833775,0.523167938
ENSG00000143119,-0.093071266,0.523217483
ENSG00000123144,0.100452802,0.523235719
ENSG00000131013,0.107625834,0.523298808
ENSG00000214654,0.212198216,0.523319361
ENSG00000153165,0.411390668,0.523332174
ENSG00000123607,0.109093005,0.523363362
ENSG00000254870,0.895532175,0.523425458
ENSG00000187122,-0.146826018,0.523460779
ENSG00000171916,-0.453617827,0.523609487
ENSG00000135905,0.103659183,0.523622582
ENSG00000122971,-0.118862633,0.523955544
ENSG00000176658,0.140734761,0.524037654
ENSG00000092978,0.103111784,0.524061088
ENSG00000107021,-0.087383169,0.524116604
ENSG00000161960,-0.086291158,0.524320134
ENSG00000267041,0.129702833,0.524324478
ENSG00000159322,0.131544351,0.524375893
ENSG00000159921,0.08430325,0.524400514
ENSG00000162396,-0.155978657,0.524408896
ENSG00000149600,0.108427714,0.524490511
ENSG00000115459,0.08870658,0.52456806
ENSG00000147679,-0.101590556,0.524627435
ENSG00000167721,-0.099828427,0.524735789
ENSG00000183784,0.215044897,0.524758058
ENSG00000198908,0.181395096,0.524850411
ENSG00000122218,-0.063965931,0.524882934
ENSG00000064933,0.141368229,0.52488687
ENSG00000115556,-0.214776009,0.524913219
ENSG00000197746,-0.133684136,0.525037967
ENSG00000172893,-0.148883491,0.525205451
ENSG00000197766,-0.248718936,0.525247517
ENSG00000171476,0.327645139,0.525263783
ENSG00000180549,-0.218448956,0.525270105
ENSG00000107317,-0.467453431,0.525334537
ENSG00000260286,0.521521466,0.525532314
ENSG00000108604,-0.069135681,0.525538816
ENSG00000227345,0.067797282,0.525560265
ENSG00000106780,-0.193591338,0.525750508
ENSG00000106211,0.185163877,0.525909924
ENSG00000169241,0.120233974,0.525990284
ENSG00000121716,-0.146181756,0.52606615
ENSG00000164398,0.294386602,0.526076207
ENSG00000001036,-0.110724539,0.526204331
ENSG00000003436,-0.256652505,0.526412779
ENSG00000188687,-0.153461513,0.526435072
ENSG00000067836,-0.174062708,0.526478915
ENSG00000183889,0.129803884,0.526501766
ENSG00000137460,0.239132972,0.526633176
ENSG00000125844,-0.093167237,0.526644229
ENSG00000005882,0.13698917,0.526658229
ENSG00000075568,0.114679171,0.526673821
ENSG00000179041,-0.140094268,0.526685461
ENSG00000174891,0.13066867,0.526719868
ENSG00000164037,-0.298063913,0.526726233
ENSG00000106683,-0.128360675,0.5267849
ENSG00000170027,0.067981736,0.526891212
ENSG00000118197,0.087438431,0.527006786
ENSG00000172766,0.098907478,0.527123881
ENSG00000137714,-0.15501937,0.527161832
ENSG00000152193,0.152882368,0.527176793
ENSG00000100029,0.102205191,0.527274941
ENSG00000013306,-0.360498452,0.527285971
ENSG00000138175,0.157005076,0.527294478
ENSG00000138413,0.080952841,0.527400334
ENSG00000119979,-0.10286949,0.527413342
ENSG00000177051,-0.095709735,0.527442371
ENSG00000172500,-0.100128997,0.527459991
ENSG00000214435,0.447432525,0.5276981
ENSG00000121644,0.077201467,0.527768348
ENSG00000068489,0.15051909,0.527805931
ENSG00000128284,0.112105106,0.527919039
ENSG00000177324,-0.347075427,0.527961088
ENSG00000163659,0.072808813,0.528152084
ENSG00000064932,-0.207225006,0.528233246
ENSG00000164199,0.360769761,0.528239936
ENSG00000231887,0.177891132,0.528281984
ENSG00000197912,-0.089124715,0.528330332
ENSG00000148300,-0.098498741,0.528485445
ENSG00000116731,0.101832553,0.528771213
ENSG00000120725,-0.092390233,0.528789857
ENSG00000255374,-0.624781747,0.529029429
ENSG00000130487,-0.200857152,0.529045869
ENSG00000109062,-0.096578715,0.529112881
ENSG00000224578,0.218137739,0.5292405
ENSG00000091879,0.196990598,0.529287709
ENSG00000167202,0.055174695,0.529341811
ENSG00000102003,-0.245946159,0.529593139
ENSG00000185198,-0.548320715,0.529602463
ENSG00000162630,0.127391755,0.529604967
ENSG00000254709,-0.563931828,0.52979288
ENSG00000125952,-0.093222001,0.529840088
ENSG00000170113,0.147129207,0.529915641
ENSG00000133641,0.129697559,0.530099449
ENSG00000129625,0.089830818,0.530305213
ENSG00000189060,-0.36144255,0.530515634
ENSG00000008952,0.197380988,0.530585299
ENSG00000167992,-0.477764439,0.530618425
ENSG00000262874,-0.348886459,0.530624927
ENSG00000119682,-0.101462551,0.530851144
ENSG00000189046,-0.183394594,0.531008402
ENSG00000112655,-0.315008155,0.531019863
ENSG00000161813,0.104834893,0.531021502
ENSG00000197363,0.132733133,0.531058607
ENSG00000142408,-0.433518338,0.531071072
ENSG00000187741,0.150204054,0.531081794
ENSG00000162733,0.330045815,0.53110942
ENSG00000101152,-0.101219774,0.531137361
ENSG00000124226,0.068251261,0.531194929
ENSG00000140694,-0.050639982,0.531219957
ENSG00000166833,0.34538933,0.531285786
ENSG00000109790,0.091056136,0.531308542
ENSG00000162222,0.083034368,0.531341471
ENSG00000198920,0.104887683,0.531394565
ENSG00000010256,-0.071929334,0.531406442
ENSG00000103253,-0.172038851,0.531561477
ENSG00000170085,0.132701478,0.531598064
ENSG00000087303,-0.280930109,0.53170222
ENSG00000072364,0.072132989,0.531741996
ENSG00000241978,0.14006275,0.531764421
ENSG00000159214,-0.252011856,0.531851426
ENSG00000198523,-0.20293496,0.532051837
ENSG00000181315,0.107705376,0.532129539
ENSG00000166927,-0.199950663,0.532136694
ENSG00000012124,0.216896177,0.532268037
ENSG00000100297,-0.062114374,0.532268376
ENSG00000052723,0.106131799,0.532278049
ENSG00000159459,0.073199011,0.532320913
ENSG00000170364,0.118756247,0.532361439
ENSG00000156136,0.109707002,0.532421458
ENSG00000206418,-0.097737432,0.532424308
ENSG00000140525,-0.10333748,0.532452682
ENSG00000158805,-0.083473335,0.532466887
ENSG00000134480,0.079069564,0.532521679
ENSG00000116667,0.30461511,0.532568313
ENSG00000163814,-0.277638619,0.532579439
ENSG00000108039,0.085723731,0.532600386
ENSG00000197299,0.110030293,0.532658048
ENSG00000162129,0.102004841,0.532761939
ENSG00000168566,0.0756232,0.532848867
ENSG00000122432,0.240994076,0.532925547
ENSG00000125037,-0.230255585,0.533088941
ENSG00000046647,0.16061893,0.533206048
ENSG00000155660,-0.136796347,0.533340525
ENSG00000104671,0.150117942,0.533342274
ENSG00000124875,-0.3493441,0.533354189
ENSG00000074695,0.102024975,0.533363168
ENSG00000164938,-0.154233076,0.533432384
ENSG00000104228,0.112806659,0.533530936
ENSG00000124198,0.067537367,0.533552003
ENSG00000107736,-0.167022511,0.533680514
ENSG00000184517,-0.151158867,0.53370054
ENSG00000163596,-0.152887559,0.533799453
ENSG00000112983,-0.07259171,0.533904212
ENSG00000176105,0.220388953,0.533934407
ENSG00000129824,0.149405299,0.533957524
ENSG00000112293,-0.216382466,0.534010733
ENSG00000115977,0.149688121,0.534019272
ENSG00000204524,0.102082438,0.534048488
ENSG00000189171,-0.250260077,0.534133616
ENSG00000147421,0.111812141,0.534152741
ENSG00000257335,-0.303220231,0.534181672
ENSG00000140526,-0.169545258,0.534220596
ENSG00000126804,0.102617907,0.534299183
ENSG00000143387,0.184970447,0.534427342
ENSG00000063761,0.13044127,0.534476766
ENSG00000205084,0.278516787,0.534668147
ENSG00000118514,0.328337786,0.534680774
ENSG00000184508,0.133969696,0.534718548
ENSG00000123570,0.353166427,0.534733399
ENSG00000145911,0.28078232,0.534784885
ENSG00000196218,-0.279904108,0.534876735
ENSG00000196517,-0.39607229,0.534905633
ENSG00000121073,-0.078579388,0.534958693
ENSG00000149932,-0.092200327,0.534978496
ENSG00000011304,-0.071731063,0.535067753
ENSG00000146828,-0.170996037,0.535093153
ENSG00000137747,0.177018125,0.53515895
ENSG00000062716,-0.158220556,0.535166312
ENSG00000152104,0.179320871,0.535201012
ENSG00000164975,0.081325697,0.535252916
ENSG00000175485,-0.321904712,0.535309194
ENSG00000007080,0.160807046,0.535322544
ENSG00000085365,0.098012138,0.535359946
ENSG00000180530,0.110937552,0.535494936
ENSG00000273047,0.547201539,0.535526336
ENSG00000178297,-0.432666658,0.53556192
ENSG00000091106,-0.208163236,0.535617036
ENSG00000087253,-0.173871161,0.535639346
ENSG00000162645,-0.147576982,0.535994502
ENSG00000182952,0.110591227,0.536190372
ENSG00000126391,-0.101539641,0.536213035
ENSG00000243667,0.15210013,0.53649109
ENSG00000043591,-0.56934898,0.536547987
ENSG00000100890,0.079529144,0.536602886
ENSG00000173436,0.099932989,0.536609627
ENSG00000185436,-0.190703245,0.536685811
ENSG00000170633,0.058335488,0.536711752
ENSG00000136717,0.191787903,0.536783323
ENSG00000177565,0.096630562,0.536855983
ENSG00000088899,-0.284463485,0.536928937
ENSG00000231925,-0.087141742,0.537030273
ENSG00000165804,0.179940076,0.537140929
ENSG00000010404,0.120601711,0.537200852
ENSG00000180871,-0.248505017,0.537231664
ENSG00000117500,0.080300222,0.537271322
ENSG00000143546,-0.265747572,0.537350188
ENSG00000126524,0.143795741,0.537387628
ENSG00000164902,0.109592703,0.537403713
ENSG00000110696,0.099688697,0.537558655
ENSG00000166971,-0.073881382,0.537681211
ENSG00000204272,0.164572092,0.537704842
ENSG00000004700,0.114534968,0.537860183
ENSG00000135211,0.121429181,0.537872761
ENSG00000135999,-0.059004532,0.537916058
ENSG00000149308,0.077706898,0.537987588
ENSG00000151490,0.198958899,0.538036251
ENSG00000144747,-0.066621282,0.538143049
ENSG00000197808,-0.194589084,0.538372674
ENSG00000169926,-0.067467318,0.538406682
ENSG00000136273,0.091681874,0.538532292
ENSG00000121864,0.102041896,0.538611796
ENSG00000118242,0.194778836,0.538815866
ENSG00000232388,0.164246866,0.538838087
ENSG00000163728,0.091640327,0.538944369
ENSG00000170144,0.115411778,0.5389458
ENSG00000162004,0.187910451,0.539030898
ENSG00000170476,-0.495011197,0.53912019
ENSG00000273136,-0.206587774,0.53932934
ENSG00000176358,0.260548512,0.539422142
ENSG00000197361,-0.213501756,0.539468463
ENSG00000134247,0.266099495,0.539503678
ENSG00000107949,0.114025347,0.539576069
ENSG00000151012,-0.276347372,0.539620963
ENSG00000049883,0.100597798,0.539726865
ENSG00000160352,-0.170372549,0.539767138
ENSG00000100650,0.060093875,0.53981662
ENSG00000166816,-0.446442239,0.539833728
ENSG00000160055,0.140054001,0.540002691
ENSG00000003056,0.070757136,0.540165459
ENSG00000103111,-0.055155735,0.540175437
ENSG00000005238,-0.204504118,0.540358074
ENSG00000125246,0.17364637,0.540511815
ENSG00000152240,0.221575955,0.540556047
ENSG00000183011,-0.14358597,0.540587436
ENSG00000158863,0.118262327,0.540700685
ENSG00000145414,0.14156141,0.540728104
ENSG00000196689,-0.18343816,0.540878285
ENSG00000148343,0.079355803,0.540912152
ENSG00000161638,-0.127382659,0.540964636
ENSG00000203811,-0.576603999,0.541034555
ENSG00000102043,0.171077382,0.541277731
ENSG00000178229,-0.235965501,0.54132205
ENSG00000168569,-0.138758156,0.541332681
ENSG00000065978,-0.223469299,0.541364875
ENSG00000175183,0.216752284,0.541574269
ENSG00000144567,-0.158393252,0.541577766
ENSG00000157107,-0.147322097,0.541609424
ENSG00000103121,-0.120111475,0.541679816
ENSG00000141252,0.096035268,0.541685526
ENSG00000187994,-0.082790289,0.541862238
ENSG00000151883,-0.078355359,0.541898006
ENSG00000166068,0.190599632,0.542140629
ENSG00000084764,0.260780072,0.542173484
ENSG00000077514,0.082730965,0.542236463
ENSG00000163995,0.250429312,0.5422384
ENSG00000143185,0.274322052,0.542246098
ENSG00000085733,-0.299900671,0.542310965
ENSG00000151611,0.125697049,0.542313739
ENSG00000136040,-0.202393418,0.542331807
ENSG00000204947,0.226289172,0.542453845
ENSG00000100461,-0.097160473,0.542606941
ENSG00000166348,0.124102584,0.542651479
ENSG00000100815,0.081091977,0.542699458
ENSG00000177156,-0.191768407,0.542741126
ENSG00000147535,0.141007755,0.542779433
ENSG00000175063,-0.452293951,0.542877905
ENSG00000168961,-0.201236641,0.542882099
ENSG00000198113,-0.154542666,0.542971966
ENSG00000285258,0.238768372,0.543106685
ENSG00000113231,-0.156793108,0.543140504
ENSG00000111729,-0.155121676,0.543244605
ENSG00000125944,0.073968498,0.543335647
ENSG00000033170,0.116820955,0.543537442
ENSG00000172936,-0.122127639,0.543545638
ENSG00000083838,-0.105266812,0.543578929
ENSG00000099974,0.135632,0.543787187
ENSG00000118507,-0.12760915,0.543821883
ENSG00000198513,-0.194368985,0.543891039
ENSG00000180992,0.136173151,0.543902432
ENSG00000113312,-0.100845787,0.543903342
ENSG00000145730,0.214817545,0.54394115
ENSG00000120690,-0.061127938,0.543946414
ENSG00000099381,-0.158807023,0.544194719
ENSG00000205810,-0.498052276,0.544223815
ENSG00000137193,-0.230412058,0.544350022
ENSG00000188404,-0.196980472,0.544606106
ENSG00000158169,0.128068941,0.544699907
ENSG00000029725,0.049821177,0.544726776
ENSG00000168411,0.067499942,0.544756786
ENSG00000152942,0.088813918,0.54483192
ENSG00000184436,-0.107039456,0.544856045
ENSG00000196950,0.094927251,0.544876614
ENSG00000178878,0.227581604,0.544943386
ENSG00000163563,-0.212494536,0.544992441
ENSG00000152332,0.087153398,0.545012367
ENSG00000112309,0.145621799,0.545033658
ENSG00000168389,-0.217695344,0.545116955
ENSG00000204220,-0.103544597,0.545117484
ENSG00000101474,-0.122753173,0.545125676
ENSG00000146414,0.094519932,0.545353572
ENSG00000187840,0.12125965,0.545496026
ENSG00000162402,0.087317981,0.545645309
ENSG00000175166,-0.09694435,0.54565552
ENSG00000113761,0.145037156,0.54566874
ENSG00000182162,-0.098028128,0.545748156
ENSG00000090889,-0.248846568,0.545756715
ENSG00000137947,0.104197717,0.545942415
ENSG00000130783,0.257397558,0.546133906
ENSG00000119787,-0.077535369,0.546160017
ENSG00000130066,-0.14345505,0.54618145
ENSG00000120896,-0.205097477,0.546213784
ENSG00000134532,-0.393400065,0.546268272
ENSG00000182463,-0.357593641,0.546284637
ENSG00000189180,-0.084260425,0.546298682
ENSG00000214967,0.535352928,0.546307691
ENSG00000165272,-0.267270377,0.546496787
ENSG00000176058,-0.121089537,0.546530383
ENSG00000131203,-0.400859285,0.546607691
ENSG00000140993,0.208712283,0.546635858
ENSG00000121897,0.096121021,0.546851073
ENSG00000185760,-0.199934083,0.5468584
ENSG00000053702,0.206813145,0.546896054
ENSG00000163904,0.060949982,0.546934749
ENSG00000095564,-0.069712766,0.546956944
ENSG00000151612,0.170728974,0.547454461
ENSG00000226430,0.441969295,0.547569633
ENSG00000141084,-0.286470824,0.547601145
ENSG00000116857,-0.134836492,0.547724652
ENSG00000173230,0.06809477,0.54781048
ENSG00000165060,0.122869903,0.547909654
ENSG00000167280,0.112965727,0.548045059
ENSG00000122378,-0.245603584,0.548273089
ENSG00000010626,0.227750986,0.548312955
ENSG00000213020,0.069706719,0.548321056
ENSG00000181444,-0.264980385,0.548399792
ENSG00000248672,-0.140781609,0.548468738
ENSG00000079459,-0.103360286,0.5484724
ENSG00000159189,0.46840821,0.548496459
ENSG00000182308,0.165719516,0.548525145
ENSG00000141504,0.104077897,0.548588006
ENSG00000123213,-0.128101911,0.54867207
ENSG00000177917,-0.119687041,0.548694415
ENSG00000089169,-0.331205208,0.548735092
ENSG00000284461,-0.847445707,0.548793504
ENSG00000241127,0.205857136,0.548845257
ENSG00000163964,-0.119592929,0.548918809
ENSG00000131697,0.130977445,0.548937433
ENSG00000157837,-0.08918562,0.548990005
ENSG00000087206,-0.116544354,0.549003773
ENSG00000168036,0.048937237,0.549027712
ENSG00000197993,-0.381854665,0.549103252
ENSG00000285509,-0.368218807,0.549137551
ENSG00000141551,-0.115547763,0.549147221
ENSG00000145675,0.10416393,0.549297052
ENSG00000135968,0.08787248,0.549313001
ENSG00000171848,-0.404420983,0.549313007
ENSG00000131480,-0.226776513,0.549396393
ENSG00000106772,0.224533379,0.549630955
ENSG00000176563,-0.180627424,0.54965345
ENSG00000171843,0.099494094,0.54969656
ENSG00000076067,-0.2043575,0.549718233
ENSG00000100505,-0.391289913,0.549719231
ENSG00000274618,-0.228514511,0.549857557
ENSG00000160094,-0.105372744,0.54986933
ENSG00000075142,0.092171044,0.549949774
ENSG00000164483,0.222100534,0.550119102
ENSG00000206172,-0.367354526,0.550188236
ENSG00000171777,-0.208676259,0.550242667
ENSG00000151136,0.193862624,0.550313637
ENSG00000136367,0.2672506,0.550482287
ENSG00000156831,0.103356329,0.550492962
ENSG00000143126,0.217951543,0.550522098
ENSG00000143365,0.428829854,0.550644216
ENSG00000108509,-0.160548391,0.550867536
ENSG00000115816,0.112948018,0.550902568
ENSG00000168172,0.089816948,0.551023317
ENSG00000139278,-0.100505568,0.551050435
ENSG00000204618,-0.197452097,0.551101978
ENSG00000030066,0.076608958,0.551109187
ENSG00000138617,-0.122036927,0.551126324
ENSG00000105865,-0.126253526,0.551354472
ENSG00000164951,0.090371398,0.551368032
ENSG00000130741,0.072019823,0.551530874
ENSG00000172927,-0.414099858,0.551535872
ENSG00000196584,0.26833701,0.551702752
ENSG00000135040,0.091364745,0.551726112
ENSG00000115902,0.14832797,0.55175613
ENSG00000213186,0.120701844,0.551792166
ENSG00000115561,-0.101817783,0.551858733
ENSG00000081189,-0.10887259,0.552177338
ENSG00000085978,0.083051124,0.552245432
ENSG00000057657,-0.126092468,0.552319302
ENSG00000204983,-0.38256171,0.552388605
ENSG00000146707,0.389834259,0.552484012
ENSG00000113369,-0.135094167,0.552489319
ENSG00000101439,-0.155303294,0.552496229
ENSG00000131389,-0.199491161,0.552550564
ENSG00000239732,-0.243733206,0.552559415
ENSG00000092067,-0.304347107,0.552593001
ENSG00000171812,-0.225287167,0.552596114
ENSG00000143862,-0.087765702,0.552626119
ENSG00000236609,-0.174427694,0.552661347
ENSG00000177854,0.172032837,0.552668112
ENSG00000171596,-0.282160979,0.55287571
ENSG00000154269,-0.336053627,0.552974888
ENSG00000132669,0.156314571,0.553159424
ENSG00000155324,0.142499429,0.553195929
ENSG00000188917,0.094183305,0.553231865
ENSG00000132522,-0.109287377,0.553236296
ENSG00000135439,0.080093669,0.553267301
ENSG00000140995,-0.148196046,0.553318
ENSG00000160213,0.124668485,0.553352091
ENSG00000165660,0.090211462,0.553387636
ENSG00000153767,0.080684742,0.553457452
ENSG00000136908,-0.278987532,0.553487245
ENSG00000186395,0.192670845,0.553492997
ENSG00000123595,0.098046174,0.553498693
ENSG00000177932,-0.184541481,0.553594685
ENSG00000204371,0.098733901,0.553690269
ENSG00000189298,0.120989714,0.553712454
ENSG00000078687,0.112378704,0.553791381
ENSG00000079332,-0.052976598,0.553852663
ENSG00000153982,0.249885786,0.553878417
ENSG00000173757,-0.13132068,0.553906896
ENSG00000172269,-0.106872471,0.5540134
ENSG00000089775,0.09864328,0.554047603
ENSG00000165312,-0.106724236,0.554076587
ENSG00000197903,-0.116806817,0.554146594
ENSG00000181744,0.071710584,0.554233941
ENSG00000170017,-0.148404632,0.554263228
ENSG00000176095,-0.123671342,0.554293357
ENSG00000015532,0.093669937,0.554313587
ENSG00000105829,-0.119806641,0.55433336
ENSG00000173542,0.093017727,0.554347231
ENSG00000135837,0.065263872,0.554378295
ENSG00000107796,-0.17169223,0.55438518
ENSG00000102409,0.226720359,0.554395527
ENSG00000176473,-0.111099152,0.55447453
ENSG00000188158,0.222449927,0.55454309
ENSG00000166886,0.14132828,0.554619678
ENSG00000056558,0.139699321,0.554707924
ENSG00000135245,-0.260854966,0.554723566
ENSG00000123329,-0.139611589,0.554795224
ENSG00000275183,0.175678157,0.554809318
ENSG00000115524,-0.071795594,0.554830948
ENSG00000118985,-0.130795558,0.554835288
ENSG00000164309,0.254032409,0.554888208
ENSG00000185015,-0.148979792,0.555011159
ENSG00000117862,-0.098650141,0.55505181
ENSG00000161929,-0.135382997,0.555232551
ENSG00000137962,-0.331325659,0.555260123
ENSG00000109501,-0.199793,0.555294336
ENSG00000184434,0.231319274,0.555358816
ENSG00000118557,0.312372153,0.555455264
ENSG00000260903,0.300131361,0.55549149
ENSG00000076003,0.118527212,0.555576613
ENSG00000137672,0.367599078,0.555582103
ENSG00000182685,-0.13334795,0.555603447
ENSG00000066427,0.06472303,0.555632872
ENSG00000115310,-0.093826223,0.555648557
ENSG00000059915,0.252565882,0.555656568
ENSG00000128626,-0.117316663,0.555666976
ENSG00000256043,-0.107165071,0.555676641
ENSG00000254093,0.148584184,0.555679271
ENSG00000146411,0.22430304,0.555703606
ENSG00000134516,-0.075747017,0.555746179
ENSG00000079134,0.103693108,0.555851843
ENSG00000008130,-0.165228963,0.555855189
ENSG00000131584,-0.119490326,0.555977156
ENSG00000196092,0.244821996,0.55599407
ENSG00000258790,0.909516572,0.556020148
ENSG00000105053,0.076292257,0.556274317
ENSG00000092931,0.069983869,0.556355963
ENSG00000184956,0.495181889,0.556356615
ENSG00000120889,0.110138695,0.556364804
ENSG00000071205,0.244361346,0.556464221
ENSG00000139112,-0.144814208,0.556511795
ENSG00000140320,0.10367254,0.556551776
ENSG00000180354,-0.158058743,0.556589228
ENSG00000215472,0.855580666,0.556661535
ENSG00000167302,-0.118764792,0.556735496
ENSG00000197978,0.171637287,0.556768246
ENSG00000196776,0.065289378,0.556816779
ENSG00000196510,0.064268518,0.556836207
ENSG00000152926,-0.151500327,0.556919562
ENSG00000177119,-0.108117275,0.55692627
ENSG00000078674,0.081116215,0.556995231
ENSG00000161179,0.105760808,0.556995239
ENSG00000143924,0.066183969,0.55701777
ENSG00000170956,-0.203620349,0.557051125
ENSG00000069188,0.330507575,0.557056539
ENSG00000204267,-0.141998881,0.557123123
ENSG00000054356,-0.49149584,0.557126165
ENSG00000150776,-0.088246558,0.557211932
ENSG00000259132,0.824324626,0.557251318
ENSG00000101132,0.320639859,0.557285144
ENSG00000073584,0.07438352,0.557304607
ENSG00000137486,-0.091268799,0.557325991
ENSG00000189376,0.11035377,0.557351733
ENSG00000127080,0.096374684,0.55737886
ENSG00000116288,0.097575956,0.557432124
ENSG00000180340,-0.220578874,0.557478747
ENSG00000178026,-0.325662271,0.557499594
ENSG00000135299,0.098210773,0.557520199
ENSG00000272921,1.097205085,0.557520616
ENSG00000205038,-0.33273765,0.557579577
ENSG00000134815,-0.178835555,0.557656991
ENSG00000143590,0.333397492,0.557744035
ENSG00000181873,-0.140517386,0.557849571
ENSG00000170909,-0.198864431,0.557948627
ENSG00000214022,-0.077678577,0.557959032
ENSG00000172215,0.137080698,0.557968271
ENSG00000251201,-0.519021362,0.557989804
ENSG00000221838,-0.123095013,0.558000539
ENSG00000204406,0.103416832,0.558064085
ENSG00000205643,0.146206985,0.558089155
ENSG00000167962,-0.085317327,0.558092074
ENSG00000267855,0.11368058,0.558164171
ENSG00000124444,0.120811225,0.558348977
ENSG00000177981,-0.071824095,0.558368329
ENSG00000156050,0.122905057,0.558635307
ENSG00000011105,-0.293604932,0.558657302
ENSG00000196998,-0.200278434,0.55881529
ENSG00000111110,-0.276416089,0.558843169
ENSG00000277157,0.1944518,0.558848429
ENSG00000173262,0.584036567,0.558865297
ENSG00000188647,0.064725508,0.55915398
ENSG00000184465,0.133723065,0.559199314
ENSG00000276180,-0.175278201,0.559202514
ENSG00000189144,-0.152803823,0.559277126
ENSG00000163171,0.132513197,0.559277317
ENSG00000124608,-0.120651744,0.559290484
ENSG00000160993,0.108726088,0.559316176
ENSG00000168758,0.12334752,0.559318741
ENSG00000070961,-0.103981548,0.559504696
ENSG00000111674,0.128504721,0.559548478
ENSG00000103056,-0.354341207,0.559572704
ENSG00000112667,-0.221575523,0.559585223
ENSG00000158109,0.163672246,0.559590668
ENSG00000214063,-0.13625284,0.559590721
ENSG00000173991,0.260006471,0.559621705
ENSG00000011600,-0.144663815,0.559668878
ENSG00000154319,-0.369136124,0.559729768
ENSG00000109684,-0.289539347,0.559751213
ENSG00000132475,-0.143729944,0.559797249
ENSG00000122042,-0.077709566,0.559842277
ENSG00000137267,-0.344710694,0.559907564
ENSG00000168385,-0.066465827,0.559918759
ENSG00000141298,-0.17985889,0.559927962
ENSG00000136098,0.146565396,0.56002893
ENSG00000134698,-0.141963025,0.560059253
ENSG00000134709,-0.313847683,0.560191668
ENSG00000148935,0.306096185,0.560268924
ENSG00000106537,0.247113948,0.560272069
ENSG00000188157,-0.287839393,0.560325476
ENSG00000129355,-0.171974812,0.560380603
ENSG00000130511,-0.155315814,0.56038197
ENSG00000105429,0.120869245,0.560437289
ENSG00000100316,0.159335305,0.560438521
ENSG00000101019,0.087296028,0.560466397
ENSG00000135940,-0.094311948,0.560492676
ENSG00000076944,-0.134159432,0.560571371
ENSG00000103569,-0.28607598,0.56108496
ENSG00000105379,-0.093147481,0.56111898
ENSG00000185875,0.200520694,0.561119887
ENSG00000023839,-0.164354343,0.561144243
ENSG00000180329,-0.11275987,0.561329686
ENSG00000177700,-0.111136825,0.561365211
ENSG00000168924,-0.092708548,0.561386867
ENSG00000134759,0.081478729,0.56144916
ENSG00000184897,-0.135109954,0.56150833
ENSG00000075856,0.054924641,0.561658073
ENSG00000116984,0.077396185,0.561663406
ENSG00000166341,-0.334689365,0.561795551
ENSG00000105329,-0.107253265,0.561796236
ENSG00000119986,-0.263348012,0.561898322
ENSG00000142230,-0.098007552,0.561908375
ENSG00000112406,0.086342376,0.561924417
ENSG00000129534,-0.06945662,0.562087295
ENSG00000171100,-0.085283955,0.562516036
ENSG00000128829,0.064204932,0.562578118
ENSG00000129347,-0.097044795,0.562608747
ENSG00000179163,-0.092019918,0.562628496
ENSG00000184470,-0.14915106,0.562903325
ENSG00000123575,0.068039517,0.562940244
ENSG00000138600,0.05911993,0.562983141
ENSG00000177707,0.261002211,0.562985811
ENSG00000198276,0.079720964,0.56319602
ENSG00000176438,0.08689531,0.563249262
ENSG00000150403,-0.110736837,0.563403844
ENSG00000154930,0.090425807,0.563435404
ENSG00000205659,0.154116664,0.563501975
ENSG00000014138,0.109892234,0.563517639
ENSG00000285304,-1.119650708,0.563642007
ENSG00000185338,-0.255997959,0.563717233
ENSG00000106460,0.116602355,0.563751697
ENSG00000264364,0.079316613,0.563753707
ENSG00000204217,0.111966447,0.563926708
ENSG00000157881,-0.058394458,0.563938425
ENSG00000162636,0.086348931,0.564022227
ENSG00000128731,0.120552279,0.56403612
ENSG00000158417,0.113335154,0.564204852
ENSG00000104915,-0.119576438,0.564238309
ENSG00000125352,0.101897884,0.564275662
ENSG00000128596,0.200188611,0.564300172
ENSG00000163389,0.089705314,0.564304913
ENSG00000211452,0.307800275,0.564529232
ENSG00000109079,-0.070672453,0.56478707
ENSG00000113441,0.101209073,0.564811885
ENSG00000164002,0.115340115,0.56485597
ENSG00000134668,0.235627647,0.564912938
ENSG00000089597,-0.072682037,0.564959858
ENSG00000075420,-0.139725015,0.565001866
ENSG00000137337,0.143745401,0.565035342
ENSG00000104852,0.088490973,0.565067439
ENSG00000128789,0.089637142,0.565073455
ENSG00000160948,-0.11462774,0.565086436
ENSG00000104365,-0.069945658,0.565175049
ENSG00000169919,-0.059193803,0.565191312
ENSG00000127914,0.080758219,0.565229921
ENSG00000099860,-0.124099838,0.565250597
ENSG00000111445,0.100158056,0.565304007
ENSG00000172469,0.156868155,0.565496172
ENSG00000101868,-0.093119414,0.56551989
ENSG00000126945,-0.114572213,0.565636089
ENSG00000179348,-0.185958617,0.565696892
ENSG00000170485,0.391870397,0.565844803
ENSG00000115325,-0.082362765,0.565973936
ENSG00000211450,0.119720744,0.565982074
ENSG00000178074,0.106316366,0.565988323
ENSG00000096696,0.673623226,0.565992525
ENSG00000174292,0.220145779,0.565997423
ENSG00000129351,0.076360693,0.566132145
ENSG00000112996,0.088229595,0.566165437
ENSG00000134440,-0.067013193,0.56620172
ENSG00000179833,0.125327818,0.56632187
ENSG00000107872,0.130827594,0.566448906
ENSG00000104805,-0.200028406,0.566559357
ENSG00000166847,0.079261699,0.566923141
ENSG00000205846,-0.25988336,0.566958559
ENSG00000107745,-0.095425848,0.566975906
ENSG00000152495,0.21119407,0.567038767
ENSG00000254901,-0.124899567,0.567046508
ENSG00000156471,0.069920235,0.567056585
ENSG00000171189,0.285666348,0.567099651
ENSG00000069702,0.285191799,0.567160396
ENSG00000107566,-0.097024719,0.567175678
ENSG00000104885,-0.106513795,0.567191937
ENSG00000158050,-0.269293773,0.567204052
ENSG00000166169,-0.203424292,0.567237159
ENSG00000150782,0.148070042,0.567435951
ENSG00000068028,0.163116931,0.567450144
ENSG00000196704,0.082276984,0.56747188
ENSG00000185040,0.222494049,0.567480126
ENSG00000177181,-0.340810641,0.567509663
ENSG00000123104,0.086393006,0.567560881
ENSG00000163156,0.077148197,0.567667919
ENSG00000121454,0.111600742,0.56787327
ENSG00000188672,0.40811321,0.567895299
ENSG00000132313,0.110922131,0.567940743
ENSG00000156345,-0.15121424,0.567963743
ENSG00000112146,-0.204195981,0.567991117
ENSG00000270800,-0.346649217,0.568012657
ENSG00000091640,0.127687979,0.568028589
ENSG00000070915,-0.385829725,0.568039308
ENSG00000165480,-0.21804561,0.5680864
ENSG00000162522,-0.192873056,0.568086716
ENSG00000120158,-0.142538213,0.568136862
ENSG00000136824,-0.127252247,0.568149594
ENSG00000111300,0.085522527,0.56815696
ENSG00000132383,0.108125466,0.568247423
ENSG00000163565,-0.146191509,0.568367475
ENSG00000231389,0.137304756,0.568415061
ENSG00000155465,-0.122135186,0.568441289
ENSG00000148180,-0.221078912,0.568521519
ENSG00000115756,-0.127336496,0.568613115
ENSG00000163531,-0.365129297,0.568716212
ENSG00000161265,-0.11251333,0.568920847
ENSG00000141959,-0.080298495,0.568949951
ENSG00000011638,-0.107311465,0.569021122
ENSG00000146574,0.204523595,0.569172612
ENSG00000105204,-0.118954175,0.569227932
ENSG00000182712,-0.220253146,0.569272449
ENSG00000143443,-0.085876392,0.569284243
ENSG00000143398,0.060268078,0.569311368
ENSG00000124251,0.194244986,0.569458959
ENSG00000152223,0.092715395,0.569478662
ENSG00000138378,0.170817241,0.569486485
ENSG00000139977,0.093210561,0.569597972
ENSG00000157625,0.088068859,0.569655239
ENSG00000111615,-0.061336254,0.569717128
ENSG00000277075,-0.154424564,0.569725974
ENSG00000106714,0.309296536,0.569787169
ENSG00000144218,0.205629362,0.569812353
ENSG00000012174,0.113349568,0.569872755
ENSG00000066084,-0.154455421,0.57018583
ENSG00000132359,-0.073996983,0.570194313
ENSG00000124177,0.067884883,0.570255172
ENSG00000100426,0.058864042,0.570366483
ENSG00000274810,0.917336529,0.570447731
ENSG00000165118,0.102491971,0.570480928
ENSG00000180190,-0.299058586,0.570555931
ENSG00000254692,-0.834324824,0.570579669
ENSG00000186298,0.066736881,0.570607362
ENSG00000138867,-0.256271735,0.570620666
ENSG00000205639,-0.315607951,0.5706319
ENSG00000164024,0.07954498,0.570682586
ENSG00000198837,-0.105509568,0.570707238
ENSG00000103657,0.09322038,0.570721933
ENSG00000100652,0.135884181,0.570833429
ENSG00000102312,0.126248195,0.570887326
ENSG00000101997,-0.097651138,0.570988056
ENSG00000038219,-0.127221922,0.571095402
ENSG00000109805,0.271232543,0.571245822
ENSG00000076650,-0.079644482,0.571248149
ENSG00000102931,0.079612425,0.571308566
ENSG00000160179,-0.184331526,0.571320301
ENSG00000163521,0.179113388,0.571471228
ENSG00000196459,0.060338689,0.571475354
ENSG00000158483,-0.176219788,0.571480378
ENSG00000276410,-0.377189019,0.571546398
ENSG00000115839,-0.113927205,0.571566482
ENSG00000151164,-0.15839634,0.571567526
ENSG00000103852,0.237765157,0.571604667
ENSG00000159352,-0.118935148,0.571700828
ENSG00000171291,-0.204107292,0.571756827
ENSG00000099219,0.106414017,0.571838856
ENSG00000111642,0.067779302,0.571879156
ENSG00000213465,0.114122024,0.571972788
ENSG00000152380,-0.214181851,0.572046936
ENSG00000149294,0.332861265,0.572052593
ENSG00000155621,-0.108143345,0.572056406
ENSG00000109436,0.113784733,0.572120958
ENSG00000100365,-0.173387387,0.572142479
ENSG00000102595,-0.195980201,0.572195111
ENSG00000203546,-0.586252707,0.5722371
ENSG00000170293,0.321192764,0.572370123
ENSG00000171365,-0.12675414,0.572462726
ENSG00000141447,-0.162183848,0.572539792
ENSG00000171206,-0.126406625,0.572648941
ENSG00000184992,0.130959648,0.572777891
ENSG00000084207,-0.112801418,0.572853222
ENSG00000188636,0.127154061,0.57285354
ENSG00000080371,-0.069544881,0.572861552
ENSG00000104904,-0.19912873,0.572889507
ENSG00000237172,-0.143678352,0.57293062
ENSG00000149547,0.088221223,0.572963318
ENSG00000109787,-0.082019843,0.573379158
ENSG00000256591,0.09699671,0.573452868
ENSG00000144357,0.057029425,0.573454815
ENSG00000236287,0.098083854,0.573666498
ENSG00000114812,-0.198623049,0.573707239
ENSG00000219545,-0.079040327,0.573918702
ENSG00000179532,-0.156953594,0.573920462
ENSG00000138160,-0.162591939,0.574074673
ENSG00000097096,-0.272153463,0.574097783
ENSG00000183918,0.176049133,0.574200807
ENSG00000178904,-0.13096197,0.574209327
ENSG00000110002,-0.187295363,0.574287995
ENSG00000113407,0.105476072,0.574289076
ENSG00000100804,0.112989413,0.574319283
ENSG00000260916,-0.13150116,0.574357438
ENSG00000006282,0.129043981,0.574364501
ENSG00000134900,0.068972744,0.57437745
ENSG00000111186,-0.289429852,0.574381855
ENSG00000100350,-0.268703654,0.57443642
ENSG00000101695,0.100676768,0.574474639
ENSG00000204634,-0.109464007,0.574477141
ENSG00000069998,-0.077127828,0.574491261
ENSG00000139636,-0.080561342,0.574554671
ENSG00000106804,-0.153975342,0.574584378
ENSG00000130177,0.091881328,0.574656188
ENSG00000086758,0.120309466,0.57480651
ENSG00000171298,-0.153246774,0.574982641
ENSG00000071082,0.235224066,0.574998034
ENSG00000103047,0.090175198,0.575062587
ENSG00000138050,0.115698181,0.575070288
ENSG00000108848,0.078661857,0.575126826
ENSG00000011028,-0.289265746,0.575149959
ENSG00000169432,-0.210701869,0.575190446
ENSG00000143155,0.082246781,0.57523968
ENSG00000136514,0.203041831,0.575252708
ENSG00000022976,0.093507368,0.575289457
ENSG00000157593,0.115090266,0.575303742
ENSG00000271793,-0.498627892,0.575381618
ENSG00000145217,-0.129148433,0.575513673
ENSG00000105135,0.095717491,0.575554784
ENSG00000196968,0.145299647,0.57567556
ENSG00000185774,0.182052346,0.575683197
ENSG00000196937,-0.114670028,0.575723392
ENSG00000123374,-0.099269413,0.575726565
ENSG00000136867,-0.165714593,0.575760997
ENSG00000133794,0.059718775,0.575822094
ENSG00000131503,0.10291541,0.575857796
ENSG00000119705,0.148844522,0.575927367
ENSG00000153130,0.151325848,0.575928144
ENSG00000143815,-0.126330931,0.57596925
ENSG00000072571,-0.341144839,0.576019311
ENSG00000196961,-0.24905106,0.576050562
ENSG00000174943,0.093093495,0.576113979
ENSG00000132205,-0.134902292,0.576119007
ENSG00000158427,0.184967486,0.576206445
ENSG00000178338,0.124600227,0.57622322
ENSG00000158445,-0.279783436,0.576244113
ENSG00000104728,-0.381661114,0.576280067
ENSG00000117523,0.118615517,0.576292635
ENSG00000269897,0.418749243,0.576304029
ENSG00000115758,-0.208236555,0.576311064
ENSG00000129038,0.239225938,0.57645739
ENSG00000069966,0.08563456,0.576523571
ENSG00000170542,-0.094494647,0.576556122
ENSG00000111077,-0.199254233,0.57664376
ENSG00000169439,-0.40052491,0.576684809
ENSG00000134049,0.137898929,0.576720136
ENSG00000043143,0.079103214,0.576744165
ENSG00000146425,-0.101731031,0.576767357
ENSG00000112877,0.148231053,0.576838921
ENSG00000135457,-0.096492438,0.576916025
ENSG00000101265,-0.164960747,0.577247291
ENSG00000076924,-0.065417583,0.577263117
ENSG00000083093,0.090520287,0.577493952
ENSG00000121903,0.138447272,0.57752076
ENSG00000075826,0.148216131,0.577535528
ENSG00000170379,0.099642719,0.577746323
ENSG00000178467,0.096580942,0.577767999
ENSG00000147100,0.371411099,0.57792176
ENSG00000177084,0.092486753,0.577941885
ENSG00000172071,0.086154358,0.578012561
ENSG00000204131,0.139374235,0.578100052
ENSG00000084444,0.123625349,0.578182788
ENSG00000215114,-0.136372002,0.578268905
ENSG00000108424,-0.094310024,0.578289003
ENSG00000198712,0.110785217,0.578562979
ENSG00000004864,-0.083688764,0.578565991
ENSG00000065675,0.127810246,0.578591106
ENSG00000183527,0.156440226,0.578637642
ENSG00000101577,-0.133504388,0.578683688
ENSG00000149257,-0.149135397,0.578820043
ENSG00000175073,-0.058929024,0.578847973
ENSG00000055044,0.122954928,0.578858077
ENSG00000163788,-0.082271153,0.578958661
ENSG00000119285,0.095747157,0.578961308
ENSG00000186017,0.119456897,0.578999195
ENSG00000174348,-0.401106136,0.57925042
ENSG00000099804,-0.284909529,0.579307808
ENSG00000168702,0.481167747,0.579416224
ENSG00000111271,-0.083745034,0.579519364
ENSG00000129968,-0.122786915,0.579535207
ENSG00000004779,0.139793058,0.579558213
ENSG00000186431,-0.29407261,0.5795779
ENSG00000167004,-0.080472545,0.579641815
ENSG00000087152,-0.057715104,0.579672438
ENSG00000242732,0.163692133,0.579778475
ENSG00000221978,-0.076143762,0.579849345
ENSG00000188428,0.094944815,0.579915459
ENSG00000135441,-0.085970604,0.579940891
ENSG00000186666,-0.127878462,0.579947124
ENSG00000167693,0.252444342,0.579957001
ENSG00000274523,0.084242089,0.580065494
ENSG00000152818,0.090348792,0.58017891
ENSG00000004399,0.133721479,0.580207365
ENSG00000113273,-0.111977942,0.580221734
ENSG00000101977,0.259514161,0.580295754
ENSG00000151689,0.13166938,0.580310771
ENSG00000089050,-0.11642931,0.580315085
ENSG00000089091,0.195566913,0.580320026
ENSG00000132376,-0.165738992,0.580362765
ENSG00000162885,0.100273691,0.580377931
ENSG00000069248,-0.058026697,0.580402967
ENSG00000034053,-0.09785893,0.580550977
ENSG00000082898,0.065344777,0.580555465
ENSG00000139890,-0.207127744,0.580578164
ENSG00000109458,-0.15558238,0.580666403
ENSG00000106333,0.243259485,0.58082894
ENSG00000151665,0.07450019,0.580839787
ENSG00000166228,0.144288793,0.58093447
ENSG00000109184,0.101203566,0.580993639
ENSG00000068400,-0.075610147,0.581045617
ENSG00000161904,0.05454854,0.58105168
ENSG00000115368,0.080387182,0.581077727
ENSG00000198515,0.416416264,0.581099716
ENSG00000183691,-0.54953386,0.581110617
ENSG00000176407,0.063496543,0.581201917
ENSG00000175224,-0.076829013,0.581284671
ENSG00000181619,0.157542101,0.581292016
ENSG00000162511,-0.105228024,0.581416513
ENSG00000103549,-0.139895571,0.581434398
ENSG00000079277,-0.142352424,0.581529915
ENSG00000114735,0.104935029,0.581696096
ENSG00000125733,0.201022732,0.581891864
ENSG00000100351,-0.09899997,0.581924404
ENSG00000042753,-0.160991418,0.581966771
ENSG00000100918,-0.144548957,0.58197169
ENSG00000143183,0.100400525,0.581992473
ENSG00000213066,0.109829123,0.5821645
ENSG00000143553,-0.116414416,0.582183157
ENSG00000006715,-0.053696026,0.582206431
ENSG00000187801,-0.150654771,0.582260086
ENSG00000122257,0.044157211,0.582391803
ENSG00000205710,0.318432065,0.582393513
ENSG00000105402,-0.20347054,0.582450769
ENSG00000104859,-0.08422189,0.582458568
ENSG00000234545,-0.081501131,0.582477643
ENSG00000154079,-0.167374721,0.582584602
ENSG00000135862,-0.214850241,0.582609112
ENSG00000180694,0.106665101,0.582637038
ENSG00000008438,-0.3148667,0.582715162
ENSG00000172456,-0.124446852,0.582811651
ENSG00000159792,-0.079444177,0.582844502
ENSG00000253304,-0.169163748,0.582895712
ENSG00000169221,-0.087031838,0.582932626
ENSG00000147202,0.087148757,0.58298293
ENSG00000049323,-0.260634514,0.582990709
ENSG00000188227,-0.248066761,0.582993846
ENSG00000130382,-0.143488206,0.583033247
ENSG00000018189,0.084484687,0.583044542
ENSG00000112062,-0.135523487,0.583079153
ENSG00000124787,-0.20814933,0.583158708
ENSG00000049245,-0.073831266,0.583196734
ENSG00000100814,0.141243942,0.583299744
ENSG00000204257,0.121399924,0.583326646
ENSG00000152782,0.16979591,0.583445583
ENSG00000008282,0.10392307,0.583447757
ENSG00000244476,-0.168855102,0.583528369
ENSG00000184428,0.135543942,0.583595924
ENSG00000142765,-0.084444177,0.583618249
ENSG00000135414,0.106879024,0.583636791
ENSG00000240972,0.133960049,0.583664621
ENSG00000101444,-0.100381272,0.58381219
ENSG00000132600,0.102508587,0.583858046
ENSG00000104093,0.121910394,0.58389103
ENSG00000196118,-0.204341982,0.583891492
ENSG00000159069,-0.064042594,0.583920793
ENSG00000078018,0.297433455,0.583932986
ENSG00000213793,-0.185507927,0.584087664
ENSG00000174405,0.093280681,0.58410631
ENSG00000189068,-0.297904251,0.584242663
ENSG00000119042,0.35519094,0.584350927
ENSG00000113763,-0.208386935,0.584353756
ENSG00000221890,-0.213684719,0.584404828
ENSG00000169188,0.081594759,0.584553062
ENSG00000060138,-0.306917334,0.584692758
ENSG00000203710,-0.237044397,0.584693896
ENSG00000100225,-0.276687748,0.584719034
ENSG00000187024,-0.220525074,0.58491625
ENSG00000123096,-0.200214714,0.585040719
ENSG00000115232,0.092185789,0.585113393
ENSG00000105856,-0.094503476,0.585137856
ENSG00000168101,-0.077512145,0.585195284
ENSG00000178951,0.093170101,0.585230391
ENSG00000164713,-0.1320587,0.585259169
ENSG00000136286,-0.097985255,0.585331733
ENSG00000196664,0.132893466,0.585356647
ENSG00000174738,-0.106775845,0.585433347
ENSG00000074527,0.485202223,0.585593637
ENSG00000100228,-0.253536414,0.58564647
ENSG00000278677,-0.195690713,0.585661424
ENSG00000083642,0.075182589,0.585688983
ENSG00000005020,-0.140036164,0.585743646
ENSG00000140807,0.190659152,0.585756892
ENSG00000172890,-0.063923777,0.5858597
ENSG00000244462,0.055679684,0.585915788
ENSG00000261611,-0.255167424,0.585984185
ENSG00000179562,0.062899259,0.585985079
ENSG00000101367,0.043180381,0.58606125
ENSG00000116815,-0.092621681,0.586080057
ENSG00000136827,-0.079368905,0.586247994
ENSG00000256053,-0.111166504,0.586255337
ENSG00000118496,-0.093214097,0.586304538
ENSG00000073849,0.096159977,0.586314216
ENSG00000196507,0.219555645,0.586330295
ENSG00000149357,-0.090122403,0.586337164
ENSG00000127084,-0.100650841,0.58644217
ENSG00000230124,0.068171221,0.586499982
ENSG00000161405,0.111207023,0.586515538
ENSG00000149798,-0.206500354,0.586539611
ENSG00000149218,-0.169733486,0.586580758
ENSG00000169180,-0.167878657,0.586639549
ENSG00000177951,0.067507165,0.586644138
ENSG00000163191,-0.150353443,0.586686613
ENSG00000132423,0.221073141,0.586707716
ENSG00000136699,0.075559039,0.586735812
ENSG00000184863,0.076447649,0.58695611
ENSG00000160703,-0.1212714,0.586995732
ENSG00000197579,-0.132270649,0.587041382
ENSG00000167487,0.117947477,0.587072225
ENSG00000123609,-0.110692085,0.587073684
ENSG00000086544,-0.085578387,0.587105932
ENSG00000111348,-0.089963222,0.587149851
ENSG00000122591,-0.090832114,0.587164342
ENSG00000100325,-0.270404504,0.587218384
ENSG00000182902,-0.242269371,0.587253461
ENSG00000106868,-0.097021977,0.58726443
ENSG00000168434,0.106925677,0.587313691
ENSG00000259030,-0.213204526,0.587384112
ENSG00000170855,0.139297244,0.587456729
ENSG00000161671,0.067236501,0.587457157
ENSG00000004455,-0.058886934,0.587504563
ENSG00000267281,0.190888364,0.587510552
ENSG00000028203,0.08429014,0.587536854
ENSG00000261371,-0.156298718,0.587627522
ENSG00000134627,-0.162813446,0.58768272
ENSG00000198771,-0.066080665,0.587712557
ENSG00000156398,-0.138182833,0.587762946
ENSG00000135821,-0.20154447,0.587823865
ENSG00000119535,-0.211555197,0.587855389
ENSG00000154165,0.29507537,0.587889297
ENSG00000075975,-0.053763272,0.58791532
ENSG00000103502,-0.164333492,0.587988295
ENSG00000174791,0.177242541,0.588045543
ENSG00000137878,0.276778903,0.588136236
ENSG00000121680,-0.076866925,0.588152902
ENSG00000065883,0.059979187,0.58819173
ENSG00000154710,0.056921995,0.588210102
ENSG00000163795,-0.082616882,0.5882267
ENSG00000170677,0.137082013,0.588241963
ENSG00000179299,-0.306948381,0.588297682
ENSG00000135314,0.229936481,0.588391369
ENSG00000075651,-0.120201869,0.588411498
ENSG00000071054,-0.128912769,0.588484895
ENSG00000211456,0.056299385,0.588579387
ENSG00000138613,0.093537926,0.588634049
ENSG00000145736,0.214062727,0.588762429
ENSG00000232653,-0.182778837,0.588806644
ENSG00000148225,0.31377063,0.58890704
ENSG00000136856,-0.169580793,0.588937517
ENSG00000148200,-0.212632901,0.588965987
ENSG00000116717,-0.184531237,0.58900027
ENSG00000130193,0.128511707,0.589033371
ENSG00000196267,0.111325054,0.589141667
ENSG00000185627,-0.057825423,0.589291386
ENSG00000105197,-0.093308482,0.589371395
ENSG00000168438,-0.052451486,0.589424278
ENSG00000116030,-0.103187049,0.589668574
ENSG00000122547,-0.187658118,0.589737277
ENSG00000197928,0.299796771,0.590022757
ENSG00000115446,-0.068729623,0.590029596
ENSG00000047230,-0.154728527,0.590183656
ENSG00000168610,-0.114580519,0.590195073
ENSG00000101084,-0.128215343,0.590211306
ENSG00000130363,0.121684627,0.590285194
ENSG00000124333,-0.078143433,0.590313337
ENSG00000133055,0.366983437,0.590403736
ENSG00000166482,0.178726353,0.590741682
ENSG00000124795,0.102938908,0.590824344
ENSG00000119965,0.125993133,0.590890924
ENSG00000111247,-0.230985881,0.590979698
ENSG00000118420,-0.1136801,0.591023451
ENSG00000185115,0.110376751,0.591030712
ENSG00000105819,0.066517092,0.591064621
ENSG00000125726,-0.300796628,0.591089544
ENSG00000102098,-0.27529522,0.591290586
ENSG00000159110,0.104561977,0.591296169
ENSG00000179761,-0.196366188,0.591355777
ENSG00000162736,-0.099867799,0.591418317
ENSG00000135249,-0.088809986,0.591726494
ENSG00000189253,0.571450115,0.591831603
ENSG00000169239,0.095247795,0.591839573
ENSG00000047365,0.107947824,0.591897996
ENSG00000128000,0.097961599,0.592053877
ENSG00000070761,0.091243025,0.592146513
ENSG00000183246,-0.694638556,0.592199482
ENSG00000196981,0.108343118,0.592253615
ENSG00000108021,0.063864416,0.592280544
ENSG00000092098,-0.092082463,0.592285465
ENSG00000106524,-0.105220179,0.592402251
ENSG00000123353,0.07600041,0.592421868
ENSG00000135334,0.116427739,0.592511891
ENSG00000151693,-0.197260438,0.592556099
ENSG00000161395,-0.11224946,0.592589019
ENSG00000143554,-0.099145855,0.592714891
ENSG00000014123,0.096917988,0.592884112
ENSG00000165671,0.064669633,0.592907245
ENSG00000140044,-0.167318903,0.592928097
ENSG00000162607,0.08943889,0.59297699
ENSG00000008517,0.180442856,0.59306963
ENSG00000182247,-0.133552521,0.593157933
ENSG00000141552,0.106957058,0.593179556
ENSG00000169100,-0.082433362,0.593234089
ENSG00000163453,-0.254204959,0.593334834
ENSG00000275700,-0.063708127,0.593364989
ENSG00000153048,-0.109438804,0.593377177
ENSG00000125734,-0.078428535,0.593485414
ENSG00000198089,0.097637286,0.593508486
ENSG00000128311,-0.187697577,0.593621506
ENSG00000285077,-0.290501296,0.593633224
ENSG00000059728,-0.188424467,0.59363452
ENSG00000205356,-0.076246548,0.593730441
ENSG00000148773,-0.232127712,0.593867093
ENSG00000275379,-0.137179657,0.593898584
ENSG00000136935,-0.084765746,0.593980848
ENSG00000089159,-0.113992091,0.59403058
ENSG00000176542,0.087989921,0.594042451
ENSG00000170340,0.086151718,0.594162422
ENSG00000158470,-0.15158945,0.59426899
ENSG00000110719,-0.137064607,0.594388857
ENSG00000153832,0.245489558,0.594429079
ENSG00000103485,-0.213685013,0.594473434
ENSG00000154803,-0.156357869,0.594533888
ENSG00000189114,-0.0825456,0.594554003
ENSG00000183044,-0.136673248,0.594566358
ENSG00000106066,-0.098349146,0.594684163
ENSG00000138231,0.074796223,0.594802284
ENSG00000213923,-0.094169421,0.594829406
ENSG00000213988,0.386839191,0.594895657
ENSG00000142453,-0.254018569,0.59492353
ENSG00000091157,0.071357655,0.594959407
ENSG00000278619,-0.128141069,0.595067042
ENSG00000125505,-0.206394864,0.595121919
ENSG00000188735,0.095281754,0.595176052
ENSG00000174165,-0.101834035,0.595203601
ENSG00000125753,-0.133918215,0.595216572
ENSG00000128463,-0.07485547,0.595239073
ENSG00000085563,0.207389102,0.595300571
ENSG00000162599,0.185331975,0.595437533
ENSG00000167005,0.077347334,0.595468268
ENSG00000110344,-0.056013661,0.595485682
ENSG00000196323,0.088385431,0.595495051
ENSG00000172031,0.491501998,0.595586855
ENSG00000264343,0.134345899,0.595772751
ENSG00000162729,-0.096343621,0.595882421
ENSG00000155287,0.086807968,0.595912052
ENSG00000189164,0.107994923,0.595930009
ENSG00000167113,0.081633171,0.595985398
ENSG00000102699,0.045290058,0.596023517
ENSG00000111011,0.052948025,0.596055563
ENSG00000176597,-0.154149071,0.596057217
ENSG00000185736,-1.137628781,0.59614218
ENSG00000010244,0.056429304,0.596167522
ENSG00000150681,-0.150583734,0.596209162
ENSG00000162065,0.107585042,0.596241255
ENSG00000205352,-0.092964746,0.596251594
ENSG00000175489,-0.149229729,0.596288321
ENSG00000144655,-0.17773923,0.596307985
ENSG00000144895,0.099457561,0.596407911
ENSG00000168092,0.057243816,0.596560648
ENSG00000123992,0.089609903,0.596583523
ENSG00000100836,0.057185476,0.59663656
ENSG00000184445,0.059093107,0.596687058
ENSG00000168952,-0.402274925,0.596724832
ENSG00000107815,0.121326204,0.596794868
ENSG00000196511,0.081149604,0.596907135
ENSG00000161905,-0.430089738,0.596970562
ENSG00000033011,-0.105107191,0.597045535
ENSG00000116918,0.082048204,0.597047302
ENSG00000136404,-0.160840499,0.597099601
ENSG00000136010,0.168562859,0.597118493
ENSG00000141699,0.052223524,0.597282058
ENSG00000136521,0.084068722,0.597361158
ENSG00000080573,-0.343191455,0.597405831
ENSG00000126790,0.110392153,0.5975413
ENSG00000158985,0.053864281,0.59762064
ENSG00000173020,-0.078738444,0.597678719
ENSG00000184661,0.282797691,0.597733158
ENSG00000038532,-0.086805272,0.597765195
ENSG00000198892,-0.266039142,0.597860595
ENSG00000114423,0.120117486,0.597885427
ENSG00000143226,-0.194489557,0.597892772
ENSG00000158828,-0.22541077,0.597896157
ENSG00000138757,-0.056199532,0.597922885
ENSG00000155744,0.147085223,0.597975878
ENSG00000180921,0.224015376,0.597989984
ENSG00000182257,-0.157797355,0.598019652
ENSG00000117528,0.069323409,0.598113627
ENSG00000168116,0.112580669,0.598114201
ENSG00000161091,-0.107622799,0.598132542
ENSG00000100592,0.083080569,0.598220458
ENSG00000284057,0.724108098,0.598252064
ENSG00000129083,-0.055977251,0.598310521
ENSG00000162711,-0.193026283,0.5983976
ENSG00000283486,-0.376792303,0.598477874
ENSG00000117318,0.250752773,0.598588705
ENSG00000086061,0.112688842,0.598638552
ENSG00000146670,-0.306045827,0.598662619
ENSG00000125375,0.085544211,0.598673751
ENSG00000217128,-0.12349114,0.598785619
ENSG00000162747,-0.300496165,0.598792647
ENSG00000120662,-0.097724608,0.598957516
ENSG00000183486,-0.19794187,0.599043827
ENSG00000136925,-0.104681051,0.599069279
ENSG00000256294,-0.116878205,0.599099195
ENSG00000157456,0.268181945,0.599119828
ENSG00000145779,0.07469174,0.599222543
ENSG00000204130,0.073736148,0.599294282
ENSG00000136960,-0.230935135,0.599334429
ENSG00000162434,-0.064727253,0.599335164
ENSG00000131828,0.073606713,0.599418214
ENSG00000139180,0.082927705,0.599484994
ENSG00000213699,-0.050784009,0.59959329
ENSG00000175602,-0.13599879,0.599627903
ENSG00000067606,-0.144550413,0.599658021
ENSG00000070413,-0.101419749,0.599671298
ENSG00000150540,0.142873454,0.59977096
ENSG00000215271,0.080970771,0.599892892
ENSG00000179941,0.106349557,0.599954105
ENSG00000063854,-0.250431084,0.599964136
ENSG00000046651,0.09530384,0.600018523
ENSG00000122435,0.094128796,0.600187033
ENSG00000139567,0.23281872,0.600201296
ENSG00000134007,-0.22521233,0.60027303
ENSG00000115307,-0.059921133,0.600282951
ENSG00000140678,-0.216689613,0.600389346
ENSG00000135966,-0.081054789,0.60041532
ENSG00000099949,0.085004526,0.600417187
ENSG00000127663,-0.143760642,0.600422482
ENSG00000106948,-0.072881523,0.600454824
ENSG00000084110,-0.202984055,0.600485436
ENSG00000185129,0.088134985,0.600496299
ENSG00000121879,0.054779825,0.600563997
ENSG00000134531,-0.268932807,0.600615181
ENSG00000127952,0.129142757,0.600680872
ENSG00000205302,0.100902951,0.600703523
ENSG00000146826,-0.126198247,0.600806563
ENSG00000127946,-0.174563264,0.600842603
ENSG00000224383,0.137516062,0.600884849
ENSG00000102755,-0.22107414,0.600909391
ENSG00000090013,-0.260787535,0.600945244
ENSG00000134371,0.052528837,0.600977399
ENSG00000142961,-0.065751545,0.600991418
ENSG00000182795,-0.273549259,0.601091032
ENSG00000100450,-0.284457498,0.601165597
ENSG00000167676,-0.284808745,0.601217519
ENSG00000137767,-0.112123613,0.601219322
ENSG00000101161,-0.05498772,0.601318828
ENSG00000116016,-0.223912029,0.6013379
ENSG00000055732,-0.230967634,0.601370652
ENSG00000275302,-0.239573279,0.601449435
ENSG00000198466,0.08350476,0.601452442
ENSG00000103490,-0.110130723,0.601518886
ENSG00000104763,-0.124244096,0.601664449
ENSG00000137177,-0.171406331,0.601736286
ENSG00000198252,0.080783777,0.601810902
ENSG00000091039,-0.104328814,0.601822844
ENSG00000183137,0.104607709,0.601828196
ENSG00000204271,0.175243086,0.601882188
ENSG00000196417,0.1261438,0.602014717
ENSG00000127870,0.072200144,0.60205015
ENSG00000137364,0.137665304,0.602059006
ENSG00000174915,0.093308696,0.602221485
ENSG00000141873,-0.08459212,0.602285949
ENSG00000090238,-0.196421952,0.602323081
ENSG00000262180,0.223922312,0.602331607
ENSG00000137776,-0.056334946,0.602337255
ENSG00000131462,0.141484797,0.602351738
ENSG00000152284,-0.16706926,0.602364436
ENSG00000152672,-0.537301335,0.60244368
ENSG00000120051,-0.254187557,0.602454559
ENSG00000169084,0.136510439,0.602495411
ENSG00000196233,0.066496576,0.602586614
ENSG00000092531,-0.103854096,0.602699741
ENSG00000100403,0.071575748,0.602729182
ENSG00000175662,-0.079707918,0.602806426
ENSG00000213123,-0.310955462,0.602887807
ENSG00000004838,-0.177234169,0.602908327
ENSG00000256087,-0.102447704,0.602947684
ENSG00000128594,-0.180615848,0.602992052
ENSG00000204922,0.114565895,0.603008152
ENSG00000182934,-0.045388087,0.603036532
ENSG00000197860,0.09827625,0.60305293
ENSG00000130935,0.08483999,0.603145715
ENSG00000147852,-0.3020281,0.603217476
ENSG00000171208,0.132934319,0.603251841
ENSG00000135185,0.094873426,0.60327685
ENSG00000163322,0.07910739,0.603313938
ENSG00000179240,0.123886172,0.603346985
ENSG00000125991,-0.071514357,0.603513267
ENSG00000140612,0.073021117,0.60352067
ENSG00000126767,0.105498651,0.603524482
ENSG00000078140,0.06175442,0.603553624
ENSG00000083097,0.084819027,0.603707524
ENSG00000255529,0.101752659,0.603714866
ENSG00000119431,0.09830987,0.603825729
ENSG00000176208,-0.094156454,0.603882058
ENSG00000123349,-0.123822585,0.603911735
ENSG00000156966,-0.334260811,0.603936806
ENSG00000187987,0.403330887,0.603969449
ENSG00000137720,0.17047248,0.604049427
ENSG00000069424,-0.065945234,0.60414989
ENSG00000158856,-0.296719144,0.604197006
ENSG00000015568,0.263227785,0.604371422
ENSG00000112531,-0.103102916,0.604434282
ENSG00000155975,-0.052077939,0.604529585
ENSG00000161040,-0.228995609,0.604573138
ENSG00000242852,0.664177909,0.604876264
ENSG00000255150,0.126952949,0.604888318
ENSG00000227124,0.10453905,0.604909729
ENSG00000018699,0.089939495,0.605001677
ENSG00000181754,-0.157806153,0.605057242
ENSG00000163235,0.171849439,0.605058949
ENSG00000124201,-0.117408489,0.605085505
ENSG00000012817,0.109376021,0.605101086
ENSG00000164237,-0.355632725,0.605176116
ENSG00000168090,0.085000418,0.605179468
ENSG00000146223,0.072634209,0.605207637
ENSG00000173726,-0.075947037,0.605314147
ENSG00000158106,0.235490296,0.605316615
ENSG00000264522,0.125991122,0.605319925
ENSG00000103671,0.065702661,0.605378875
ENSG00000140264,-0.172372544,0.605535414
ENSG00000156928,0.086850676,0.605596564
ENSG00000182022,-0.181783865,0.605601482
ENSG00000187808,0.153482505,0.605627643
ENSG00000253251,-0.186311716,0.605689494
ENSG00000181963,-0.287619741,0.605822014
ENSG00000177971,-0.090311439,0.605873752
ENSG00000175455,0.109091365,0.605928799
ENSG00000010310,0.203640934,0.605978984
ENSG00000164151,0.057404878,0.606124107
ENSG00000126005,-0.075455832,0.606172249
ENSG00000155846,0.118762295,0.606372218
ENSG00000118997,0.249764721,0.60641326
ENSG00000047579,0.089629552,0.606461512
ENSG00000140521,0.066278795,0.606517283
ENSG00000100154,0.176243575,0.606552979
ENSG00000187688,-0.076932352,0.606562154
ENSG00000164924,0.046078085,0.606643647
ENSG00000105612,-0.080679586,0.606818473
ENSG00000057663,0.086262211,0.606842535
ENSG00000005812,-0.076058114,0.606970816
ENSG00000184076,0.112447435,0.607078068
ENSG00000177595,-0.125066514,0.60713055
ENSG00000138495,0.112351786,0.607152115
ENSG00000131669,-0.157069956,0.607170146
ENSG00000173692,-0.050705603,0.607199922
ENSG00000176595,-0.159156223,0.607227948
ENSG00000170043,-0.079976308,0.607261753
ENSG00000186141,0.063796624,0.60729188
ENSG00000137809,0.105872526,0.607309196
ENSG00000164330,0.194696817,0.607504659
ENSG00000108932,-0.090299541,0.607523823
ENSG00000198324,0.111581267,0.60752873
ENSG00000198131,-0.115178263,0.607568194
ENSG00000204161,0.180644814,0.607661807
ENSG00000116641,0.109169212,0.607713821
ENSG00000073050,0.078098433,0.607877597
ENSG00000182150,-0.078836295,0.607878835
ENSG00000138032,0.052828946,0.608063137
ENSG00000116106,0.166409635,0.608106732
ENSG00000124575,-0.136118674,0.608160244
ENSG00000136237,-0.313123281,0.608183955
ENSG00000111231,0.12779502,0.608339532
ENSG00000102886,-0.155389705,0.608342155
ENSG00000110665,0.108588027,0.608398817
ENSG00000122481,0.109780428,0.608440137
ENSG00000130449,0.097877941,0.60847418
ENSG00000259956,-0.060399793,0.608518994
ENSG00000123689,-0.418131212,0.608522412
ENSG00000136451,-0.049685332,0.608586454
ENSG00000135218,-0.141853703,0.608686048
ENSG00000178607,-0.138099996,0.608719914
ENSG00000085832,0.058447185,0.608731638
ENSG00000166257,-0.312849572,0.608735931
ENSG00000175567,0.138444983,0.608756984
ENSG00000285238,-0.853587266,0.60876081
ENSG00000167562,-0.096048426,0.608798002
ENSG00000100983,-0.080997554,0.608849988
ENSG00000118705,-0.060225199,0.608888039
ENSG00000124920,-0.129521403,0.609038347
ENSG00000240682,0.068554438,0.609130807
ENSG00000100605,-0.116443805,0.609177997
ENSG00000131730,-0.220464515,0.609255932
ENSG00000155629,-0.125678997,0.609347331
ENSG00000137161,-0.103010091,0.609398302
ENSG00000114738,-0.071463999,0.609595973
ENSG00000120334,0.102592655,0.609718791
ENSG00000261609,0.085678141,0.609726855
ENSG00000106477,0.119398494,0.609738102
ENSG00000174748,0.1207384,0.609837951
ENSG00000213413,-0.127427281,0.609871807
ENSG00000169246,0.186474282,0.609956366
ENSG00000111726,0.193747299,0.609987228
ENSG00000080815,-0.0853537,0.610004115
ENSG00000123728,-0.067288526,0.61006242
ENSG00000119632,-0.142390325,0.610089895
ENSG00000171940,-0.092622926,0.610106863
ENSG00000173040,-0.255381601,0.610170688
ENSG00000233954,0.171871272,0.610284321
ENSG00000082516,0.078839807,0.610309221
ENSG00000107864,0.080718541,0.610335117
ENSG00000142556,-0.104273698,0.610373483
ENSG00000180881,0.19888637,0.610384469
ENSG00000136492,0.121740364,0.610396012
ENSG00000180900,-0.109779128,0.610428561
ENSG00000073792,-0.299655526,0.610465338
ENSG00000160050,-0.117631504,0.610518584
ENSG00000085514,-0.157067129,0.610542019
ENSG00000104691,-0.180131463,0.610717489
ENSG00000146109,-0.071459039,0.610737828
ENSG00000087008,-0.081319513,0.610828455
ENSG00000181029,-0.111752522,0.610835947
ENSG00000184730,-0.157455991,0.610842821
ENSG00000166664,-0.424472993,0.61085365
ENSG00000007047,-0.104755089,0.610863234
ENSG00000133246,-0.184248375,0.610876733
ENSG00000125534,-0.200633769,0.610887855
ENSG00000159346,-0.29438311,0.610927755
ENSG00000117308,-0.104984776,0.610951276
ENSG00000154723,-0.109102819,0.610955774
ENSG00000129071,0.06822836,0.610993975
ENSG00000172116,-0.202208053,0.610996188
ENSG00000180346,-0.127592588,0.611030099
ENSG00000130640,-0.047989312,0.611080059
ENSG00000133874,-0.112335398,0.611155487
ENSG00000160551,0.069970885,0.611158653
ENSG00000151715,-0.280730085,0.61117867
ENSG00000174749,0.09398243,0.611436706
ENSG00000050405,0.143665951,0.611496944
ENSG00000187954,0.080967002,0.61154851
ENSG00000143549,-0.047338436,0.611843911
ENSG00000119801,-0.092877439,0.611875799
ENSG00000100068,0.100192737,0.611909116
ENSG00000162654,0.146286702,0.611920305
ENSG00000153786,-0.065110092,0.611943919
ENSG00000102125,-0.072333866,0.612017164
ENSG00000087301,-0.090186043,0.612076905
ENSG00000138131,0.124881019,0.612116925
ENSG00000197448,-0.055973444,0.612166625
ENSG00000168002,-0.059106236,0.612511303
ENSG00000197558,0.300082024,0.612530002
ENSG00000176531,0.140579244,0.612563734
ENSG00000154001,0.065343003,0.612661331
ENSG00000111605,0.057621478,0.612684217
ENSG00000172006,0.130305791,0.612734602
ENSG00000167325,0.103663406,0.61275036
ENSG00000248643,0.101455195,0.612854455
ENSG00000089063,-0.064386682,0.612945412
ENSG00000128604,-0.089710152,0.61297459
ENSG00000173540,-0.094636998,0.612995491
ENSG00000183134,-0.277872053,0.613099484
ENSG00000182749,-0.168823456,0.613132365
ENSG00000181035,-0.088859935,0.613147313
ENSG00000197603,0.092576483,0.613233745
ENSG00000102230,-0.250135019,0.613280587
ENSG00000119328,0.095431592,0.613303558
ENSG00000095002,0.089629654,0.613429678
ENSG00000142512,-0.181162493,0.613469948
ENSG00000176393,-0.083404785,0.613532051
ENSG00000175054,0.08330142,0.613703435
ENSG00000019991,-0.124802546,0.613707872
ENSG00000142632,0.136995281,0.613721703
ENSG00000120913,-0.096242927,0.613793158
ENSG00000105339,-0.164206378,0.613803828
ENSG00000213930,0.093656745,0.613845847
ENSG00000256806,0.237081576,0.613875081
ENSG00000035141,0.091677733,0.613922433
ENSG00000132481,0.201718723,0.613936964
ENSG00000125445,-0.074538413,0.614109507
ENSG00000164823,0.094398403,0.614111742
ENSG00000146285,0.088728452,0.614181831
ENSG00000108219,-0.051162204,0.614184413
ENSG00000169490,0.105463286,0.614378542
ENSG00000213079,0.047618116,0.614434687
ENSG00000138190,-0.091436859,0.614470303
ENSG00000171222,-0.099556195,0.614486579
ENSG00000001629,0.059010754,0.61453173
ENSG00000139579,-0.111523869,0.614637619
ENSG00000142405,-0.176660143,0.61468001
ENSG00000115539,0.140074944,0.614757004
ENSG00000285953,-0.852491618,0.614779903
ENSG00000148082,-0.361967634,0.614824282
ENSG00000133731,0.092800789,0.61485694
ENSG00000139572,0.306784924,0.615009633
ENSG00000174446,0.110527222,0.615050643
ENSG00000105122,-0.101009643,0.615149678
ENSG00000256269,-0.195621484,0.615157735
ENSG00000170456,-0.192785767,0.615396769
ENSG00000116237,0.080333871,0.615416333
ENSG00000110367,0.076406157,0.615438283
ENSG00000103495,-0.063767179,0.615451542
ENSG00000179021,0.074563953,0.615478532
ENSG00000164114,0.190233609,0.615480448
ENSG00000156858,-0.098573357,0.615644183
ENSG00000163131,-0.114249098,0.615656243
ENSG00000184602,-0.147542157,0.615709496
ENSG00000100697,-0.107248,0.615811397
ENSG00000182504,-0.086116066,0.61585558
ENSG00000100448,-0.452260925,0.615872844
ENSG00000232593,0.083762477,0.615876464
ENSG00000165424,0.097549183,0.615929965
ENSG00000141194,-0.174739983,0.615967362
ENSG00000074370,-0.073276148,0.616018182
ENSG00000165792,0.086573255,0.616038354
ENSG00000131196,0.095459347,0.616061502
ENSG00000138246,0.051153002,0.616143788
ENSG00000080503,0.057874955,0.616169832
ENSG00000196943,0.06119334,0.61625649
ENSG00000180758,-0.219403044,0.616368933
ENSG00000130703,-0.097704641,0.616464761
ENSG00000196418,0.120458396,0.616526862
ENSG00000178209,-0.119895996,0.616546349
ENSG00000136014,-0.213128464,0.616603928
ENSG00000122692,-0.041551455,0.616611291
ENSG00000126773,0.062429458,0.616811323
ENSG00000160683,0.177540504,0.616829496
ENSG00000189266,0.088428445,0.617026777
ENSG00000198742,-0.0571484,0.617038421
ENSG00000197181,0.510701779,0.617162416
ENSG00000106546,0.128762379,0.617244923
ENSG00000007312,0.148822606,0.617248025
ENSG00000006652,-0.149475428,0.617300797
ENSG00000184983,-0.146976031,0.617328403
ENSG00000145331,-0.134773198,0.617391185
ENSG00000111602,0.128608737,0.61743638
ENSG00000106268,0.149890819,0.617693432
ENSG00000163617,0.101251693,0.617754111
ENSG00000161277,-0.197625845,0.61784928
ENSG00000110011,-0.066191441,0.617849369
ENSG00000186908,-0.070826133,0.617873474
ENSG00000248483,0.193356675,0.617925658
ENSG00000165983,0.116602545,0.617937522
ENSG00000138018,-0.076686846,0.617968881
ENSG00000110046,-0.166212528,0.618017295
ENSG00000074966,-0.239953932,0.618065826
ENSG00000102984,-0.146141552,0.618081184
ENSG00000122483,0.126375409,0.618108052
ENSG00000276023,-0.120743375,0.618132441
ENSG00000072756,0.073565131,0.618133746
ENSG00000120949,-0.140226006,0.618181113
ENSG00000135655,-0.112622543,0.61818455
ENSG00000004897,0.122614707,0.618192335
ENSG00000187091,0.074447886,0.618231201
ENSG00000082146,-0.313267265,0.618287499
ENSG00000170234,0.045945861,0.6183522
ENSG00000168903,-0.560695189,0.618396628
ENSG00000158773,-0.074025548,0.618441682
ENSG00000078589,0.111742603,0.618467186
ENSG00000172340,0.089796734,0.618515257
ENSG00000101347,0.073669941,0.618549372
ENSG00000040275,-0.104972811,0.618555822
ENSG00000068745,0.048845194,0.618597273
ENSG00000112514,-0.090745062,0.618618877
ENSG00000235568,-0.172433957,0.61870059
ENSG00000037749,0.05501347,0.618718359
ENSG00000077150,-0.117440438,0.618723656
ENSG00000113048,-0.069990345,0.618768702
ENSG00000184923,-0.1403648,0.618770617
ENSG00000005889,0.040634226,0.619082903
ENSG00000130227,-0.174792573,0.619126121
ENSG00000132463,0.054988111,0.619186468
ENSG00000198805,0.206686589,0.619191489
ENSG00000233757,-0.14976104,0.619251123
ENSG00000182919,-0.103984171,0.619307571
ENSG00000170396,0.185112592,0.619326564
ENSG00000170899,-0.346999394,0.619514018
ENSG00000143376,-0.116450144,0.619580724
ENSG00000007545,-0.097822313,0.619670328
ENSG00000244617,-0.211503298,0.61968233
ENSG00000198924,0.140911883,0.619781276
ENSG00000164109,-0.173950195,0.619876062
ENSG00000102109,-0.271234858,0.619964335
ENSG00000147804,-0.165547899,0.620045184
ENSG00000104427,0.126181661,0.620064908
ENSG00000000938,-0.116266182,0.62010694
ENSG00000104331,-0.078096928,0.620111834
ENSG00000165733,0.073852707,0.620119697
ENSG00000064309,0.239654825,0.620159034
ENSG00000181896,0.080157162,0.620202047
ENSG00000185567,-0.204474126,0.620285801
ENSG00000066336,-0.166292014,0.620344409
ENSG00000213347,-0.140154649,0.620351394
ENSG00000089723,0.116128649,0.620423419
ENSG00000139998,0.139963974,0.620428997
ENSG00000173281,-0.176434297,0.62047628
ENSG00000151553,-0.090437199,0.620487416
ENSG00000165923,-0.152609946,0.620529053
ENSG00000198899,0.142471714,0.620539746
ENSG00000110693,-0.256379507,0.620541212
ENSG00000136522,0.123602322,0.620562786
ENSG00000136444,0.093782487,0.620617771
ENSG00000214357,0.318950576,0.620620815
ENSG00000173456,0.107984233,0.620638247
ENSG00000197467,0.299740366,0.620726823
ENSG00000171155,0.092278892,0.620754488
ENSG00000167792,-0.060299326,0.620834542
ENSG00000105281,-0.250853015,0.620913772
ENSG00000164169,0.069789355,0.620950481
ENSG00000135241,-0.080666911,0.620981544
ENSG00000115239,-0.055280159,0.621017228
ENSG00000168288,0.082536841,0.621042623
ENSG00000118762,0.075676354,0.621072247
ENSG00000176915,0.050148594,0.621145599
ENSG00000099937,0.168500024,0.621152432
ENSG00000135407,0.139053583,0.621191639
ENSG00000284874,-0.394600617,0.621222829
ENSG00000198363,-0.137082787,0.621304803
ENSG00000184205,0.100050089,0.621577451
ENSG00000115602,-0.364131814,0.621590621
ENSG00000106305,-0.130576475,0.621604951
ENSG00000134884,0.061566219,0.621608056
ENSG00000156469,0.118134746,0.621619338
ENSG00000180089,-0.242878076,0.62163656
ENSG00000111859,-0.085572003,0.621729503
ENSG00000196588,-0.088670011,0.621803398
ENSG00000104325,0.058416385,0.62182051
ENSG00000124788,0.089990776,0.621871304
ENSG00000127527,-0.100167958,0.621880417
ENSG00000152763,0.262922162,0.621918013
ENSG00000140948,-0.052136727,0.621965453
ENSG00000100226,-0.124787237,0.621975577
ENSG00000138375,-0.060965195,0.621988547
ENSG00000124171,0.102298684,0.62201208
ENSG00000165383,-0.224680012,0.622080943
ENSG00000148308,-0.053850496,0.622114229
ENSG00000151474,-0.161625813,0.622151137
ENSG00000137185,-0.101228136,0.62228499
ENSG00000165716,-0.16633622,0.622364915
ENSG00000085231,-0.150756147,0.622374774
ENSG00000204580,0.144909534,0.622381466
ENSG00000158869,-0.153749923,0.622383283
ENSG00000151304,0.092959892,0.622449617
ENSG00000160224,0.240680384,0.622588383
ENSG00000145907,0.064399329,0.62265131
ENSG00000198498,0.097186321,0.622695829
ENSG00000145908,0.171539232,0.622762133
ENSG00000115677,-0.108697113,0.62282075
ENSG00000143179,0.110310847,0.622906562
ENSG00000050327,-0.192100142,0.622969794
ENSG00000134594,0.170207449,0.622977483
ENSG00000213626,0.089308343,0.623003282
ENSG00000144959,-0.083381925,0.623041633
ENSG00000197345,-0.091598008,0.62310736
ENSG00000143653,-0.117851524,0.623114308
ENSG00000187553,-0.250220123,0.623204434
ENSG00000164091,-0.040277698,0.623270666
ENSG00000090661,0.126336528,0.623356862
ENSG00000042445,0.074614045,0.623406354
ENSG00000137309,0.082377442,0.623422804
ENSG00000130520,0.084618308,0.623544353
ENSG00000182551,-0.082515645,0.623566583
ENSG00000145632,0.17898153,0.62358616
ENSG00000116985,-0.128038313,0.623621192
ENSG00000130475,-0.104516071,0.623649763
ENSG00000110435,-0.066582235,0.62373218
ENSG00000167118,0.06763293,0.623751374
ENSG00000163918,-0.127333797,0.623779225
ENSG00000151093,0.117982916,0.623999324
ENSG00000144597,-0.056951259,0.624018743
ENSG00000088682,0.068455795,0.624076335
ENSG00000139645,0.121689578,0.624101154
ENSG00000165185,-0.143968645,0.624228748
ENSG00000126838,0.403003019,0.624236758
ENSG00000175727,-0.127302457,0.62433508
ENSG00000054654,0.121249188,0.624447997
ENSG00000112739,0.061033391,0.624488577
ENSG00000128563,-0.062992196,0.624626193
ENSG00000170074,-0.300193183,0.624688754
ENSG00000223501,-0.062534239,0.624834924
ENSG00000143442,0.107120152,0.624869933
ENSG00000106560,0.126846661,0.624883622
ENSG00000168899,0.146010669,0.624932104
ENSG00000137941,0.179230547,0.624964669
ENSG00000168792,0.104079746,0.62498181
ENSG00000013573,-0.318226701,0.625088655
ENSG00000168917,-0.191222554,0.62512828
ENSG00000269226,-0.215160901,0.625457946
ENSG00000129295,0.15871726,0.625471885
ENSG00000188566,-0.09199057,0.625483982
ENSG00000141560,0.080680605,0.625495353
ENSG00000162804,-0.098450424,0.625503481
ENSG00000160691,-0.047977861,0.625518268
ENSG00000285329,0.553177289,0.625560589
ENSG00000151948,-0.190785163,0.62556085
ENSG00000108468,-0.078871625,0.625561703
ENSG00000170917,-0.155998183,0.625570414
ENSG00000106771,0.079741443,0.625694083
ENSG00000138614,0.088068268,0.625732504
ENSG00000178404,-0.222853264,0.625738627
ENSG00000099940,-0.054407436,0.625774052
ENSG00000124831,0.069726961,0.625795446
ENSG00000073150,-0.209125804,0.625841732
ENSG00000158290,-0.065478717,0.625849958
ENSG00000109814,0.100569467,0.625961066
ENSG00000251247,-0.102753337,0.625996877
ENSG00000140470,0.270921796,0.626116223
ENSG00000125484,0.062649385,0.626138381
ENSG00000184277,0.046344594,0.626186993
ENSG00000134809,0.147897712,0.626292038
ENSG00000170035,-0.07215454,0.626313396
ENSG00000124225,0.258245088,0.626361684
ENSG00000132305,0.064625437,0.626388724
ENSG00000184828,0.35066901,0.626451902
ENSG00000130595,-0.321844158,0.626462642
ENSG00000092051,-0.218754075,0.626485121
ENSG00000152492,0.147318131,0.626495361
ENSG00000149516,-0.223132046,0.62650793
ENSG00000100028,-0.092513991,0.626542519
ENSG00000162413,-0.111842535,0.62658221
ENSG00000164211,-0.114350478,0.62661725
ENSG00000148400,-0.140677403,0.626704658
ENSG00000008441,-0.285784656,0.626797745
ENSG00000162437,0.083328679,0.62683391
ENSG00000189319,-0.059975381,0.626979102
ENSG00000165591,0.233833319,0.626979914
ENSG00000216490,-0.1202674,0.626983484
ENSG00000113161,-0.093191485,0.626984539
ENSG00000011295,0.074225271,0.627013788
ENSG00000110844,0.137755934,0.62705186
ENSG00000090905,0.072653066,0.627082433
ENSG00000154813,0.062807998,0.627229967
ENSG00000139793,0.086276306,0.627245939
ENSG00000076864,-0.481597526,0.627277415
ENSG00000167123,-0.36334975,0.62731479
ENSG00000244115,-0.222122674,0.627334195
ENSG00000129993,-0.196401374,0.62733569
ENSG00000142541,0.134501732,0.627425993
ENSG00000129636,0.042532086,0.62759948
ENSG00000138646,-0.33193762,0.62783212
ENSG00000105619,0.099095042,0.627843815
ENSG00000261740,0.089666426,0.627940949
ENSG00000196369,0.116553519,0.627999346
ENSG00000174807,-0.414271297,0.628166412
ENSG00000178605,-0.081020679,0.628182078
ENSG00000117620,0.083667949,0.628250536
ENSG00000170525,-0.189360858,0.628302639
ENSG00000104517,0.056419874,0.62861918
ENSG00000138709,-0.089867305,0.628632757
ENSG00000060339,0.06013743,0.628638917
ENSG00000185761,-0.228806605,0.62873728
ENSG00000161551,-0.137789046,0.6287636
ENSG00000011485,0.090613544,0.628942484
ENSG00000180304,-0.13080484,0.628945635
ENSG00000203734,-0.206791283,0.6289979
ENSG00000140939,-0.251015562,0.629113252
ENSG00000118402,-0.281111921,0.629189041
ENSG00000168894,-0.076312903,0.629328083
ENSG00000010295,-0.071764021,0.629365014
ENSG00000138069,0.064994183,0.629445491
ENSG00000136738,-0.067093096,0.629448805
ENSG00000108846,-0.202888126,0.62954674
ENSG00000198951,-0.074528338,0.629612937
ENSG00000145247,-0.14232423,0.629683558
ENSG00000145757,-0.266002682,0.629852011
ENSG00000002834,-0.081880237,0.629912487
ENSG00000250254,0.221824285,0.630114534
ENSG00000086102,0.056003067,0.630148067
ENSG00000136868,0.09211366,0.630274963
ENSG00000196405,0.088758802,0.630409319
ENSG00000166900,-0.147808438,0.630412289
ENSG00000104689,-0.144423387,0.630554541
ENSG00000136888,0.110127919,0.630569132
ENSG00000137474,-0.220353952,0.630579275
ENSG00000112759,-0.296787486,0.630587697
ENSG00000176055,-0.102570838,0.63062369
ENSG00000127903,-0.363522361,0.6308798
ENSG00000160752,-0.063902215,0.630966843
ENSG00000155970,0.294895241,0.630975864
ENSG00000132356,0.048362098,0.63099486
ENSG00000073008,-0.175257472,0.631037486
ENSG00000073711,0.070441417,0.631172924
ENSG00000167632,0.087895965,0.631191994
ENSG00000090487,-0.079193137,0.631205985
ENSG00000068308,-0.077637086,0.631295774
ENSG00000110756,-0.062241708,0.631324932
ENSG00000138166,0.152101566,0.631467481
ENSG00000132471,-0.206129801,0.631762445
ENSG00000116212,0.084377348,0.631859494
ENSG00000136866,0.156630467,0.631915678
ENSG00000163214,0.062231147,0.631979344
ENSG00000110651,-0.11613737,0.63200882
ENSG00000043462,0.058798316,0.6321615
ENSG00000088876,0.091159431,0.632255458
ENSG00000104442,0.086797622,0.632283286
ENSG00000105879,-0.060102187,0.632363582
ENSG00000174038,0.161822762,0.632367056
ENSG00000167969,-0.122721288,0.632369226
ENSG00000131788,0.097712118,0.632381869
ENSG00000083312,0.05395394,0.632484767
ENSG00000197016,0.177637911,0.632584087
ENSG00000129354,-0.227955154,0.632589892
ENSG00000164045,-0.350694009,0.632740942
ENSG00000257341,0.243137097,0.632774211
ENSG00000073921,-0.107771708,0.632959671
ENSG00000165655,0.311696954,0.633001324
ENSG00000158156,-0.113585387,0.633052309
ENSG00000181472,0.062160318,0.633057888
ENSG00000131067,0.110439635,0.633068892
ENSG00000160216,0.061911983,0.633160114
ENSG00000143622,-0.10231707,0.63328702
ENSG00000160113,0.216795895,0.633322944
ENSG00000158528,-0.383367281,0.633333688
ENSG00000130723,0.081258051,0.633339339
ENSG00000204264,-0.073397033,0.633475977
ENSG00000139505,-0.075368884,0.633486457
ENSG00000171988,0.114440443,0.633495614
ENSG00000080200,0.116340808,0.633548202
ENSG00000198858,-0.25083711,0.633578628
ENSG00000174371,-0.288415841,0.633611883
ENSG00000100445,-0.080277462,0.633704203
ENSG00000167984,0.113855925,0.633817074
ENSG00000137274,0.10432036,0.633826136
ENSG00000131979,0.088382805,0.633874989
ENSG00000155100,0.092789243,0.633879529
ENSG00000165730,-0.432876856,0.633885896
ENSG00000137343,0.139355427,0.634004819
ENSG00000278299,0.854588001,0.634036832
ENSG00000157693,0.093483557,0.634072253
ENSG00000154447,0.1461045,0.634105811
ENSG00000099866,-0.2281083,0.634122526
ENSG00000141526,-0.139661569,0.634156978
ENSG00000114544,-0.135078527,0.634192826
ENSG00000130714,-0.094932959,0.634210037
ENSG00000173338,-0.209664041,0.634239104
ENSG00000029153,0.226293284,0.634376899
ENSG00000172731,-0.180322484,0.634504797
ENSG00000263002,0.094146208,0.634533597
ENSG00000124374,-0.097887165,0.634604525
ENSG00000164327,0.089211535,0.634612521
ENSG00000154511,0.10592882,0.634708585
ENSG00000184014,-0.146222097,0.634740714
ENSG00000183354,0.063974509,0.634782255
ENSG00000134827,-0.1821435,0.634837849
ENSG00000176444,-0.074579979,0.634887459
ENSG00000142676,0.137363203,0.634903521
ENSG00000182307,-0.078354267,0.634945587
ENSG00000165795,-0.144709583,0.634970742
ENSG00000117643,-0.186281271,0.634987861
ENSG00000124535,0.05420408,0.635058021
ENSG00000171045,0.119674553,0.635058194
ENSG00000151176,-0.157081403,0.635076551
ENSG00000060688,0.077192335,0.635090829
ENSG00000160305,0.085264811,0.635115235
ENSG00000125652,0.117543066,0.635165213
ENSG00000141503,-0.087230325,0.635246504
ENSG00000143458,0.065434481,0.635295903
ENSG00000164574,0.103357522,0.635341557
ENSG00000083168,0.078656262,0.635347137
ENSG00000179195,0.059327555,0.635428918
ENSG00000186153,0.095585523,0.63545528
ENSG00000197694,0.082781108,0.635481621
ENSG00000110944,0.273597854,0.635503958
ENSG00000101384,0.141563102,0.635540494
ENSG00000132155,-0.11056126,0.635549741
ENSG00000090520,-0.071334182,0.635738516
ENSG00000168282,0.068079569,0.635840318
ENSG00000118965,0.080543134,0.635865032
ENSG00000243244,-0.149064346,0.635896377
ENSG00000170632,0.069475937,0.63594826
ENSG00000116205,0.052392782,0.636008668
ENSG00000101413,0.051475143,0.6360248
ENSG00000138741,0.369166935,0.636033611
ENSG00000163564,0.1735501,0.636040377
ENSG00000173915,0.146890963,0.63607943
ENSG00000172292,-0.12485271,0.636106147
ENSG00000103257,-0.254773018,0.636279071
ENSG00000170515,0.118227284,0.636300622
ENSG00000144504,0.102022685,0.636417797
ENSG00000114648,-0.05966556,0.636543674
ENSG00000187824,-0.184761876,0.636614848
ENSG00000062370,-0.332918574,0.636647678
ENSG00000196498,-0.122042442,0.636675528
ENSG00000157551,-0.241020362,0.636704433
ENSG00000136720,0.067642933,0.636724709
ENSG00000165699,0.0651898,0.636766244
ENSG00000156313,0.121914069,0.636803284
ENSG00000107521,-0.17930472,0.63680915
ENSG00000144792,0.158945003,0.636832854
ENSG00000068366,-0.095046007,0.636877499
ENSG00000100354,0.083576507,0.636943361
ENSG00000084754,-0.041464144,0.636946128
ENSG00000147403,0.111716008,0.636957131
ENSG00000136940,0.066099133,0.636964258
ENSG00000106105,-0.056978852,0.63705832
ENSG00000111252,-0.073428898,0.637128938
ENSG00000132952,0.056671012,0.63719241
ENSG00000091831,0.121277423,0.637271536
ENSG00000184500,-0.332159088,0.637441835
ENSG00000116521,0.085344079,0.637600283
ENSG00000105063,-0.099789928,0.637612191
ENSG00000107554,0.078042614,0.637736723
ENSG00000167881,0.082649392,0.637758373
ENSG00000168003,-0.055182979,0.637855517
ENSG00000109743,-0.165316224,0.637867269
ENSG00000057019,0.175719938,0.637886046
ENSG00000198915,-0.138176045,0.637898862
ENSG00000041880,0.118504404,0.638133665
ENSG00000170322,-0.060648008,0.638138674
ENSG00000158042,0.100469717,0.638203021
ENSG00000145375,0.087980924,0.638315354
ENSG00000241878,-0.115766473,0.63835328
ENSG00000080819,-0.069148895,0.638472049
ENSG00000143033,0.050914235,0.638480559
ENSG00000142634,-0.067774271,0.638616646
ENSG00000133321,0.135071553,0.63878168
ENSG00000183570,0.272630099,0.638874172
ENSG00000140455,-0.065403071,0.638952234
ENSG00000168397,-0.056506031,0.638965796
ENSG00000164291,-0.119015154,0.639138835
ENSG00000167842,-0.099727907,0.639149114
ENSG00000166902,-0.063082655,0.63922571
ENSG00000131323,0.059308246,0.639229852
ENSG00000197183,0.064486735,0.639294843
ENSG00000145901,-0.118345907,0.639351275
ENSG00000091542,-0.057485353,0.63936598
ENSG00000114744,0.070437775,0.63937025
ENSG00000117592,-0.196781209,0.639546867
ENSG00000203772,0.142612229,0.639577056
ENSG00000130052,-0.134122141,0.639580364
ENSG00000134955,-0.115618214,0.639592892
ENSG00000197223,0.09918215,0.639648121
ENSG00000134046,-0.05483278,0.639682388
ENSG00000154832,0.055333824,0.639688608
ENSG00000168765,-0.250437645,0.639792472
ENSG00000120875,0.298957379,0.639852586
ENSG00000136630,-0.191906597,0.63988441
ENSG00000105223,-0.070981452,0.639929319
ENSG00000172432,-0.081007934,0.639956972
ENSG00000111684,-0.096649092,0.640047602
ENSG00000131732,-0.067229405,0.640050316
ENSG00000173517,0.089561915,0.640075312
ENSG00000137154,0.173678873,0.64023483
ENSG00000204472,-0.123171195,0.64049189
ENSG00000146904,-0.189637836,0.640545937
ENSG00000130827,0.131540287,0.640546238
ENSG00000129292,-0.095255085,0.640571351
ENSG00000110013,-0.112256926,0.640603878
ENSG00000119760,0.07579502,0.640621329
ENSG00000119396,0.038490313,0.640638032
ENSG00000166575,-0.089805877,0.640708204
ENSG00000106686,0.202233073,0.641074199
ENSG00000119318,-0.068720754,0.641145911
ENSG00000254469,0.107436402,0.641146303
ENSG00000174197,0.055072629,0.641165884
ENSG00000150337,-0.217715841,0.64121479
ENSG00000106608,0.087954521,0.641332196
ENSG00000119471,-0.135477595,0.641339938
ENSG00000110583,-0.102617542,0.641396162
ENSG00000275066,0.06940882,0.64143343
ENSG00000177602,-0.261250304,0.6414659
ENSG00000104221,0.073479399,0.641554728
ENSG00000081923,0.157264896,0.641732445
ENSG00000167208,-0.049947893,0.641817158
ENSG00000164116,-0.174883784,0.64183447
ENSG00000170581,-0.136421485,0.641854663
ENSG00000174953,0.073169695,0.641890358
ENSG00000102103,-0.073133079,0.641922134
ENSG00000132912,0.090087233,0.641999891
ENSG00000204439,0.042159081,0.642060445
ENSG00000176102,0.079964192,0.642104686
ENSG00000162704,-0.082578974,0.642266619
ENSG00000175322,0.105474844,0.64236485
ENSG00000168890,0.10049149,0.642482513
ENSG00000112640,-0.055812507,0.642591233
ENSG00000198715,-0.124353552,0.642748002
ENSG00000185386,-0.230226997,0.642750083
ENSG00000158122,0.119561751,0.642917629
ENSG00000075407,0.081288041,0.643044694
ENSG00000165861,-0.062729164,0.643063624
ENSG00000061987,0.067201917,0.643234725
ENSG00000090273,0.075486951,0.643249588
ENSG00000105583,-0.079105058,0.643322082
ENSG00000112159,0.07943865,0.643380208
ENSG00000038945,-0.20104627,0.643381761
ENSG00000107438,-0.135698462,0.643383255
ENSG00000161939,-0.359357288,0.643420409
ENSG00000133134,-0.241379828,0.643430331
ENSG00000197249,-0.149079019,0.643459726
ENSG00000142252,-0.100073199,0.643524012
ENSG00000142552,-0.183188845,0.6436087
ENSG00000169884,0.157621593,0.643775208
ENSG00000152795,0.063073749,0.643844981
ENSG00000170846,-0.086209746,0.643867997
ENSG00000166402,0.259160637,0.643907682
ENSG00000118777,-0.26032769,0.643932942
ENSG00000258405,0.367456636,0.643942056
ENSG00000097021,-0.142948897,0.644100966
ENSG00000223865,0.179607479,0.644169829
ENSG00000008018,0.061144064,0.644222665
ENSG00000271303,-0.170213816,0.644229907
ENSG00000175894,-0.388309016,0.644349632
ENSG00000124172,-0.143244787,0.644376764
ENSG00000130958,-0.088340444,0.644581758
ENSG00000143374,0.06798173,0.644597994
ENSG00000111913,-0.092874347,0.644695045
ENSG00000114857,0.076177946,0.644722394
ENSG00000116514,-0.123651195,0.644838825
ENSG00000063587,0.088028109,0.644853508
ENSG00000176153,-0.202800713,0.644932216
ENSG00000163923,0.210129746,0.644991859
ENSG00000160439,0.109706184,0.645008022
ENSG00000164172,0.111021459,0.645034088
ENSG00000198648,0.124217031,0.645064376
ENSG00000165684,-0.097891327,0.645066524
ENSG00000258388,-0.184013767,0.645253433
ENSG00000186416,-0.078796259,0.645265982
ENSG00000005844,-0.092450514,0.645303458
ENSG00000164040,0.075733974,0.645313091
ENSG00000103091,-0.066902614,0.64531564
ENSG00000184497,0.210198924,0.645447586
ENSG00000135960,0.351351363,0.645466414
ENSG00000087460,-0.134030519,0.645527724
ENSG00000104660,0.072911582,0.645548216
ENSG00000109189,0.083548727,0.645608192
ENSG00000136813,0.051068521,0.645633002
ENSG00000189091,-0.050734827,0.645703308
ENSG00000180479,-0.195629503,0.645738258
ENSG00000101182,0.065498023,0.645762277
ENSG00000139547,-0.179827883,0.645837695
ENSG00000158435,-0.042376181,0.645921276
ENSG00000173226,0.080991051,0.645940312
ENSG00000181104,-0.139098515,0.645999115
ENSG00000056097,0.044184208,0.646007346
ENSG00000130787,0.087358211,0.646063148
ENSG00000048405,0.065561838,0.646104273
ENSG00000095787,0.061085188,0.646168233
ENSG00000183474,0.080616618,0.646247707
ENSG00000131089,-0.089725214,0.646326024
ENSG00000240583,-0.261642523,0.646613642
ENSG00000179862,0.269792922,0.646621196
ENSG00000169016,-0.08431593,0.646858621
ENSG00000284484,0.146362265,0.646979694
ENSG00000164880,-0.085708381,0.646987804
ENSG00000119865,-0.24117888,0.647103997
ENSG00000136161,-0.085613725,0.647118153
ENSG00000213654,-0.088451461,0.647120957
ENSG00000106682,-0.043003189,0.647125821
ENSG00000196632,0.144891856,0.647215196
ENSG00000112511,0.058624491,0.647280929
ENSG00000254772,0.112685978,0.647351853
ENSG00000185905,-0.083718678,0.64735669
ENSG00000064393,-0.127645091,0.647471355
ENSG00000272602,-0.306377374,0.647624872
ENSG00000136997,-0.139062317,0.647685885
ENSG00000170425,-0.213899042,0.647774861
ENSG00000047634,-0.24572624,0.647798047
ENSG00000128271,-0.115401523,0.647828395
ENSG00000100422,0.051085743,0.647909273
ENSG00000142655,-0.116198469,0.647910472
ENSG00000108187,-0.139824724,0.647999011
ENSG00000146083,-0.103436722,0.648060612
ENSG00000137216,-0.251930216,0.648105997
ENSG00000168884,0.046192862,0.648122004
ENSG00000040341,0.055842594,0.648247727
ENSG00000137218,-0.167553771,0.64846509
ENSG00000277972,0.139121395,0.648485577
ENSG00000101558,-0.078408342,0.648499565
ENSG00000105497,0.069860937,0.648501878
ENSG00000119537,-0.105617634,0.648601433
ENSG00000150961,-0.061080791,0.64870649
ENSG00000177842,0.115628428,0.648733951
ENSG00000099284,0.1819305,0.648755846
ENSG00000143507,-0.085717801,0.648762197
ENSG00000285589,-0.105513705,0.64879668
ENSG00000154175,-0.140378069,0.648822818
ENSG00000075223,-0.147081763,0.648881582
ENSG00000268750,0.254454355,0.648916919
ENSG00000169375,-0.053928231,0.648918735
ENSG00000108262,-0.074478342,0.648954029
ENSG00000138182,-0.111970423,0.648996865
ENSG00000163806,0.150253519,0.64901208
ENSG00000135842,-0.174973081,0.64903427
ENSG00000137145,0.067020984,0.649080435
ENSG00000178974,0.051823529,0.649086433
ENSG00000168939,-0.126230408,0.649086959
ENSG00000196628,-0.115963906,0.649087566
ENSG00000168887,0.062857534,0.649099632
ENSG00000137135,-0.184010945,0.649171239
ENSG00000133265,0.13299873,0.649223412
ENSG00000184481,-0.244473362,0.649265699
ENSG00000089682,0.071390613,0.64958915
ENSG00000122012,-0.272046567,0.649609033
ENSG00000102309,-0.122351838,0.6496192
ENSG00000147408,-0.207037645,0.649666097
ENSG00000174501,0.084308875,0.649703265
ENSG00000115159,0.055895447,0.649732226
ENSG00000104881,0.216353462,0.649782954
ENSG00000136045,0.093228602,0.649857917
ENSG00000171860,-0.156093559,0.649975619
ENSG00000135924,-0.16611893,0.649980132
ENSG00000113732,-0.076676674,0.650011272
ENSG00000056736,0.128233092,0.650054971
ENSG00000139193,-0.204253432,0.650113781
ENSG00000151247,0.062928602,0.650139413
ENSG00000167065,0.069085909,0.650178818
ENSG00000112799,0.138816549,0.650200968
ENSG00000130699,0.100554102,0.650239175
ENSG00000196782,-0.134384997,0.650273524
ENSG00000113013,-0.062298257,0.650322322
ENSG00000136231,-0.147963187,0.650398724
ENSG00000163545,-0.136582048,0.650550268
ENSG00000009954,0.05589724,0.650705489
ENSG00000226763,0.214204385,0.650762123
ENSG00000009780,0.073519413,0.650939018
ENSG00000128059,0.091025677,0.65114338
ENSG00000100281,0.054218166,0.651169123
ENSG00000196912,0.109804716,0.651255403
ENSG00000188827,-0.091985167,0.651273827
ENSG00000151806,0.071579172,0.651310472
ENSG00000073756,-0.136753705,0.651327368
ENSG00000242550,-0.421251409,0.651335501
ENSG00000089057,-0.075784308,0.651422413
ENSG00000159579,0.039588736,0.651454397
ENSG00000084693,-0.073291341,0.65146891
ENSG00000152242,-0.056098447,0.651488347
ENSG00000173926,0.156852282,0.651493181
ENSG00000131969,-0.232025192,0.651645845
ENSG00000182580,-0.285224199,0.651662664
ENSG00000168488,0.126685653,0.651734681
ENSG00000127220,-0.139844804,0.651849439
ENSG00000163738,0.094378265,0.651910339
ENSG00000188996,-0.214245116,0.651938504
ENSG00000281991,-0.307222606,0.651959518
ENSG00000089123,0.089309735,0.65196274
ENSG00000112182,0.173128465,0.65206848
ENSG00000162695,0.054145011,0.652072759
ENSG00000169062,0.082041186,0.652097308
ENSG00000108344,-0.042631461,0.652167477
ENSG00000134755,-0.23506749,0.652169702
ENSG00000198399,0.043303278,0.652227566
ENSG00000092010,-0.083313473,0.652335033
ENSG00000127580,0.088291957,0.652339474
ENSG00000075413,-0.122375208,0.652464078
ENSG00000074603,0.038023571,0.652488833
ENSG00000164136,0.115561403,0.652579402
ENSG00000167114,-0.073449149,0.652649999
ENSG00000198242,0.102192116,0.652655133
ENSG00000114503,0.067310278,0.652704617
ENSG00000184752,-0.12066384,0.652734893
ENSG00000126003,0.120669311,0.652923086
ENSG00000197405,-0.156347285,0.652946591
ENSG00000120280,-0.135738086,0.65297609
ENSG00000175701,-0.147286565,0.652987741
ENSG00000188001,0.185302994,0.653028066
ENSG00000112208,-0.131946494,0.653082483
ENSG00000125149,0.057571806,0.65318304
ENSG00000150045,-0.203240588,0.653346841
ENSG00000162227,0.091056368,0.653415143
ENSG00000133138,0.232916344,0.653417733
ENSG00000159588,0.143005884,0.653452065
ENSG00000172262,-0.058110711,0.653516794
ENSG00000170852,-0.05796189,0.653531303
ENSG00000167862,0.108283357,0.653650576
ENSG00000262814,-0.133645558,0.653835174
ENSG00000173597,-0.191879807,0.653841451
ENSG00000102096,-0.083834214,0.653958835
ENSG00000131373,-0.073887734,0.654018564
ENSG00000134375,0.090715746,0.654075243
ENSG00000130244,0.086321223,0.654115219
ENSG00000084093,0.041694577,0.654306356
ENSG00000103647,-0.347934206,0.654378793
ENSG00000127616,-0.072810663,0.654408117
ENSG00000150938,0.092068839,0.65444746
ENSG00000088812,0.070023043,0.654469303
ENSG00000173369,0.21950686,0.654498353
ENSG00000189369,0.116093492,0.65457935
ENSG00000188906,-0.155169823,0.654761296
ENSG00000129757,0.242202347,0.654764268
ENSG00000070081,0.109870179,0.654771352
ENSG00000203791,0.083456354,0.65489399
ENSG00000104267,-0.221658509,0.654906493
ENSG00000156453,-0.178401826,0.654947688
ENSG00000143858,-0.203327673,0.654949684
ENSG00000203989,0.536629503,0.655050419
ENSG00000117118,0.062794559,0.655085469
ENSG00000187605,-0.114380842,0.655112866
ENSG00000259753,-0.814009222,0.655115691
ENSG00000165246,0.193073156,0.655134776
ENSG00000156273,-0.118626362,0.655154093
ENSG00000173272,0.08950295,0.65528997
ENSG00000163320,0.044947268,0.655336957
ENSG00000145287,0.111840545,0.655385639
ENSG00000092621,-0.292431905,0.655482437
ENSG00000149573,-0.200982622,0.655525304
ENSG00000111644,-0.178403893,0.655525431
ENSG00000137831,0.181166448,0.655599387
ENSG00000149532,0.067902344,0.655660273
ENSG00000112992,0.061503169,0.655691224
ENSG00000113240,-0.075108208,0.655787379
ENSG00000108515,0.144456518,0.65588028
ENSG00000063245,-0.104705622,0.655894675
ENSG00000123064,-0.065031336,0.655949211
ENSG00000101040,-0.059962691,0.655988062
ENSG00000169738,0.057113475,0.655993505
ENSG00000136108,0.068582305,0.656009093
ENSG00000104812,-0.061168857,0.656047608
ENSG00000141456,0.083846798,0.656151511
ENSG00000140718,0.073092464,0.656199843
ENSG00000144228,0.097124279,0.656229758
ENSG00000158691,0.101263546,0.656247268
ENSG00000258677,0.59795476,0.6562798
ENSG00000174238,-0.07658729,0.656284048
ENSG00000111802,-0.091038775,0.656335752
ENSG00000110536,-0.094339472,0.656362973
ENSG00000073331,-0.175277146,0.656433446
ENSG00000010292,0.055544721,0.65654521
ENSG00000151952,-0.335234761,0.656573914
ENSG00000155099,-0.136638417,0.656679963
ENSG00000241852,0.097747384,0.656778226
ENSG00000103811,-0.090872109,0.656809995
ENSG00000119596,0.081483063,0.656885286
ENSG00000196542,-0.256687551,0.656919081
ENSG00000143891,0.143578223,0.657091284
ENSG00000068001,-0.094258839,0.657116201
ENSG00000172123,0.094201543,0.657247677
ENSG00000156504,0.089622984,0.657297501
ENSG00000069869,-0.162079373,0.657411948
ENSG00000007376,-0.063351953,0.65743111
ENSG00000088247,-0.071024039,0.657450421
ENSG00000164733,-0.148863463,0.657525538
ENSG00000102901,-0.0747237,0.65760641
ENSG00000083857,-0.226818875,0.657617348
ENSG00000163568,-0.179885881,0.657636096
ENSG00000173442,-0.097423776,0.657700488
ENSG00000147274,0.059992437,0.657840594
ENSG00000165055,0.083945902,0.657855581
ENSG00000184887,0.078178355,0.658034718
ENSG00000156374,-0.141123642,0.658036091
ENSG00000105366,-0.337481829,0.658111453
ENSG00000196954,-0.103757065,0.658198243
ENSG00000174437,0.087023463,0.65820627
ENSG00000173110,-0.164049711,0.658212419
ENSG00000197620,-0.055890259,0.658285176
ENSG00000130590,0.135124206,0.658497568
ENSG00000100612,-0.074344332,0.658499798
ENSG00000120647,-0.071649328,0.658514077
ENSG00000144868,-0.268760274,0.658534546
ENSG00000116266,-0.06760637,0.658556249
ENSG00000130254,0.047219869,0.658559161
ENSG00000143621,0.079842605,0.658668992
ENSG00000131791,0.061438696,0.658833039
ENSG00000114742,0.039190724,0.658868839
ENSG00000188529,0.058596938,0.658876733
ENSG00000072042,0.048903728,0.658883591
ENSG00000006712,0.054353953,0.659013747
ENSG00000122674,0.060413921,0.659030633
ENSG00000145050,-0.114459167,0.659213569
ENSG00000149262,-0.053057095,0.659348096
ENSG00000101412,0.135509944,0.65939672
ENSG00000100296,0.087691065,0.659398544
ENSG00000187866,-0.049868123,0.659459023
ENSG00000164220,-0.128072918,0.659474345
ENSG00000005893,-0.109453952,0.659677595
ENSG00000114354,0.042649854,0.659711333
ENSG00000196505,-0.048210177,0.659722748
ENSG00000095951,0.092024601,0.659764382
ENSG00000136861,0.069802876,0.659797905
ENSG00000112561,-0.102590664,0.65980983
ENSG00000184110,-0.090705969,0.660102082
ENSG00000110448,0.087339424,0.660306664
ENSG00000116830,-0.072196726,0.660512409
ENSG00000258539,0.141164512,0.660561054
ENSG00000250067,0.243248613,0.660579797
ENSG00000111801,0.082761725,0.660649793
ENSG00000114631,-0.198496236,0.660776003
ENSG00000011454,0.048405902,0.660940875
ENSG00000142173,-0.16838761,0.660957462
ENSG00000103496,-0.051703954,0.660976119
ENSG00000153936,0.044212943,0.661190428
ENSG00000114767,0.100175626,0.661272352
ENSG00000021355,-0.082990823,0.661303048
ENSG00000198818,-0.069435812,0.661319207
ENSG00000163719,-0.055378391,0.661326755
ENSG00000160991,-0.118816049,0.661365414
ENSG00000133961,-0.120927601,0.661381736
ENSG00000157303,0.111444834,0.661418877
ENSG00000128191,-0.075133208,0.661510551
ENSG00000116661,0.208194701,0.661772145
ENSG00000135446,0.087521975,0.661830383
ENSG00000060558,-0.118238344,0.661886612
ENSG00000129518,0.094871025,0.661956399
ENSG00000198768,0.2169864,0.66202464
ENSG00000177058,-0.068342399,0.662066148
ENSG00000104524,0.108660416,0.662082114
ENSG00000102007,-0.102282771,0.662115086
ENSG00000182628,0.119237762,0.662213514
ENSG00000173992,-0.096780687,0.662248689
ENSG00000157106,0.079588333,0.662304934
ENSG00000171552,-0.259995352,0.662313508
ENSG00000167136,0.160134268,0.662469461
ENSG00000117569,0.070647404,0.662491212
ENSG00000059588,-0.089728576,0.662639765
ENSG00000172197,0.090609791,0.662772641
ENSG00000140983,-0.072185741,0.662843317
ENSG00000226979,-0.175606418,0.663123204
ENSG00000127554,0.100513479,0.663188505
ENSG00000073464,0.245852182,0.663241491
ENSG00000166145,-0.162772292,0.663320457
ENSG00000105401,-0.049962598,0.663394078
ENSG00000109670,-0.060625724,0.66340156
ENSG00000070214,0.070779506,0.663443318
ENSG00000120738,-0.205724028,0.663517983
ENSG00000154743,0.106175162,0.663650017
ENSG00000205542,-0.072437763,0.663670864
ENSG00000114450,-0.101930874,0.663680917
ENSG00000183844,0.757780387,0.66371691
ENSG00000148110,-0.117001362,0.663824507
ENSG00000139168,0.136476367,0.663847219
ENSG00000177666,-0.154936261,0.663927999
ENSG00000145623,-0.145498001,0.663941601
ENSG00000078124,0.059035725,0.664133015
ENSG00000242612,0.130586777,0.664344688
ENSG00000189152,0.174235179,0.664369516
ENSG00000099995,-0.06720531,0.664452073
ENSG00000059691,0.078052048,0.664461836
ENSG00000176148,-0.074457852,0.664466177
ENSG00000198355,-0.129964118,0.664514113
ENSG00000104142,-0.049892467,0.664515522
ENSG00000084710,0.182046908,0.664520085
ENSG00000165626,-0.226382665,0.664522846
ENSG00000116747,0.049805836,0.664697528
ENSG00000156795,-0.111258517,0.66481653
ENSG00000181409,-0.206764687,0.664870377
ENSG00000143842,-0.193659674,0.664915723
ENSG00000214253,-0.146520066,0.66496612
ENSG00000171109,-0.041190459,0.665050329
ENSG00000239887,-0.374118839,0.665114825
ENSG00000064270,0.253458528,0.665146937
ENSG00000134014,-0.08184327,0.665158692
ENSG00000102531,0.044248225,0.665263582
ENSG00000118518,0.050879794,0.66534214
ENSG00000166432,0.080769793,0.665368489
ENSG00000122678,-0.072794306,0.665445124
ENSG00000051620,-0.108311156,0.665488551
ENSG00000135437,0.151330575,0.665510824
ENSG00000172954,0.097670264,0.665512361
ENSG00000188282,-0.232918924,0.665678676
ENSG00000164463,-0.074867821,0.665692609
ENSG00000260729,-0.208476168,0.665777627
ENSG00000125870,-0.094932613,0.665821209
ENSG00000241839,-0.090131226,0.665927285
ENSG00000149541,0.080403545,0.665927453
ENSG00000082213,0.062106912,0.666079834
ENSG00000056972,0.094068934,0.666163662
ENSG00000272636,-0.30125221,0.66619127
ENSG00000225556,0.289581367,0.666234085
ENSG00000180767,0.245481147,0.666282912
ENSG00000187626,0.055800483,0.666426346
ENSG00000007168,0.036923562,0.666529203
ENSG00000168283,0.105968427,0.666573063
ENSG00000110811,0.279280771,0.666693416
ENSG00000040531,-0.07762861,0.666846366
ENSG00000213983,0.071339475,0.666943394
ENSG00000198492,0.041982919,0.667011981
ENSG00000069974,-0.065996401,0.667035201
ENSG00000198841,0.095327838,0.667057929
ENSG00000170791,-0.061939762,0.667065098
ENSG00000196268,0.090291694,0.667112694
ENSG00000173334,-0.151944649,0.667158083
ENSG00000122034,0.088107908,0.66716815
ENSG00000163810,-0.197847354,0.667181408
ENSG00000109917,-0.067686075,0.667290292
ENSG00000165434,0.121034814,0.667369057
ENSG00000138071,-0.048352354,0.667447747
ENSG00000219200,-0.070741698,0.667464293
ENSG00000104824,-0.032185591,0.667481537
ENSG00000284491,-0.36568421,0.667523994
ENSG00000136932,-0.056293973,0.667551359
ENSG00000183172,0.108500746,0.667717975
ENSG00000172845,-0.06226682,0.667753212
ENSG00000176978,-0.067547438,0.667777384
ENSG00000171307,0.074035183,0.667791493
ENSG00000153574,-0.211906418,0.66783363
ENSG00000089505,0.12353113,0.667987225
ENSG00000121390,0.04631123,0.668029356
ENSG00000159128,-0.124310854,0.668081461
ENSG00000243927,0.059918044,0.668114873
ENSG00000177575,-0.113150574,0.668165469
ENSG00000142082,0.078586041,0.668193209
ENSG00000153046,-0.096149267,0.668241619
ENSG00000145020,-0.096688876,0.668257868
ENSG00000187266,-0.12665491,0.668270975
ENSG00000147251,-0.043521057,0.668374789
ENSG00000141424,-0.049293028,0.668483697
ENSG00000105369,0.162604048,0.668524273
ENSG00000203814,-0.110332663,0.668528714
ENSG00000111596,0.046479228,0.668601434
ENSG00000085760,0.078688834,0.668614061
ENSG00000103512,-0.072119871,0.668632042
ENSG00000177556,0.067550016,0.668750833
ENSG00000113742,-0.125679158,0.668761882
ENSG00000160111,-0.18994535,0.668833233
ENSG00000152558,0.122880657,0.668876888
ENSG00000140945,0.180182525,0.668891347
ENSG00000197471,0.120657794,0.66894505
ENSG00000260238,-0.284912233,0.668996692
ENSG00000214652,0.383183055,0.669071064
ENSG00000140350,-0.061175499,0.669119582
ENSG00000100897,-0.11133335,0.669120993
ENSG00000173875,-0.065082149,0.669159247
ENSG00000146282,-0.066681423,0.669169588
ENSG00000183077,-0.152725909,0.669197199
ENSG00000185716,-0.081736384,0.669198132
ENSG00000131634,-0.141658912,0.669230434
ENSG00000179085,0.123055396,0.669247031
ENSG00000149806,-0.100214078,0.669444088
ENSG00000099875,-0.104751905,0.669456044
ENSG00000180104,-0.054750561,0.669468322
ENSG00000131626,-0.079649257,0.669487574
ENSG00000166359,0.162858201,0.66955777
ENSG00000102034,0.063361692,0.669635841
ENSG00000182752,0.286427927,0.66968677
ENSG00000125356,0.094955624,0.669814564
ENSG00000112039,0.093244064,0.669864812
ENSG00000180098,-0.072882353,0.669903466
ENSG00000160679,0.030690424,0.669912444
ENSG00000133606,-0.247969002,0.6700443
ENSG00000164934,0.075605087,0.670060407
ENSG00000283189,0.13573994,0.670124161
ENSG00000181396,-0.076371236,0.67014976
ENSG00000132704,0.122365993,0.670176864
ENSG00000132207,-0.145013177,0.670189359
ENSG00000115073,-0.051291104,0.67030226
ENSG00000255508,-0.227538594,0.670355968
ENSG00000143643,-0.066913272,0.670365794
ENSG00000150527,-0.047426929,0.670414514
ENSG00000090061,-0.083220251,0.670418311
ENSG00000177613,0.05550422,0.670498112
ENSG00000173660,-0.113026402,0.670672984
ENSG00000124104,-0.083690301,0.67069204
ENSG00000170967,-0.227621023,0.670744221
ENSG00000139233,0.050295228,0.670794033
ENSG00000164465,-0.144050063,0.670800332
ENSG00000010810,0.077158943,0.670849658
ENSG00000184787,0.055904209,0.670933429
ENSG00000160883,-0.107475218,0.670996014
ENSG00000196345,0.102557105,0.671015153
ENSG00000166595,-0.101040305,0.671042857
ENSG00000166582,0.127038324,0.671136268
ENSG00000197563,-0.054297637,0.671149039
ENSG00000162714,-0.080915231,0.671162333
ENSG00000239282,0.136586479,0.671563522
ENSG00000183726,-0.061693006,0.671613138
ENSG00000079739,-0.06649052,0.671680239
ENSG00000155304,0.078463576,0.671757354
ENSG00000006125,0.11161158,0.671969404
ENSG00000197020,0.188307388,0.672038255
ENSG00000169282,0.094646018,0.672139093
ENSG00000010030,0.289038026,0.672186339
ENSG00000177189,0.044635488,0.672189947
ENSG00000132612,0.040223963,0.672226095
ENSG00000106665,-0.093802975,0.672268554
ENSG00000164120,0.143845679,0.672352138
ENSG00000148943,0.064671378,0.672367714
ENSG00000101000,0.185263691,0.672458104
ENSG00000114638,-0.3288447,0.672474943
ENSG00000158480,-0.084941566,0.672560828
ENSG00000180917,0.079403084,0.672578277
ENSG00000143878,0.117386588,0.67264192
ENSG00000137942,0.119130639,0.672727378
ENSG00000109016,-0.075299897,0.672729715
ENSG00000161013,-0.072563237,0.672910984
ENSG00000174243,-0.043978886,0.672936085
ENSG00000006638,-0.19970853,0.673036675
ENSG00000266714,-0.101124257,0.673050861
ENSG00000167850,0.119586508,0.673060966
ENSG00000186854,0.154516951,0.673109891
ENSG00000285446,0.51655675,0.673148042
ENSG00000087266,-0.061613597,0.673153132
ENSG00000141556,0.065549049,0.673239751
ENSG00000169435,0.299533384,0.673255048
ENSG00000104327,0.092721135,0.67325674
ENSG00000170558,-0.278475203,0.673272404
ENSG00000231500,0.156809732,0.673284805
ENSG00000151366,0.073549787,0.673292079
ENSG00000183530,0.049224016,0.673314303
ENSG00000189127,-0.272515278,0.673349786
ENSG00000145780,0.048109068,0.673607425
ENSG00000115414,-0.153323476,0.673630592
ENSG00000140575,-0.084043403,0.673706389
ENSG00000155506,-0.070645943,0.67374197
ENSG00000171970,0.136980152,0.67374856
ENSG00000196867,-0.230561665,0.673759292
ENSG00000140682,-0.235451872,0.673764641
ENSG00000102882,-0.117026985,0.673833099
ENSG00000136193,-0.12672075,0.673844992
ENSG00000072864,0.096720638,0.674056082
ENSG00000136999,-0.160175767,0.674080648
ENSG00000166716,-0.081681946,0.674128906
ENSG00000086189,0.054709282,0.674157376
ENSG00000112234,0.068446918,0.674166289
ENSG00000263874,-0.105271764,0.674229188
ENSG00000119922,-0.228331738,0.674248371
ENSG00000164631,0.06181201,0.674315762
ENSG00000102081,0.054718465,0.674348296
ENSG00000147155,-0.120066726,0.674515345
ENSG00000171606,-0.07334067,0.674568157
ENSG00000221914,-0.053939621,0.674581942
ENSG00000164307,-0.044553005,0.674606807
ENSG00000084731,-0.147719259,0.674617139
ENSG00000099800,-0.070586768,0.674724815
ENSG00000110315,-0.11886821,0.674734842
ENSG00000105173,0.252254162,0.674762537
ENSG00000183751,-0.071207981,0.674797107
ENSG00000137275,0.035852163,0.674835331
ENSG00000121067,0.047133773,0.674846158
ENSG00000149782,0.065611032,0.674937371
ENSG00000068654,-0.08913799,0.674945652
ENSG00000105991,-0.251244064,0.674985939
ENSG00000025039,-0.145898191,0.675122079
ENSG00000168818,0.059219303,0.675192834
ENSG00000120645,0.290262273,0.675241226
ENSG00000102878,0.232902705,0.675374078
ENSG00000138592,0.037567033,0.675375791
ENSG00000150753,-0.057385205,0.675519307
ENSG00000108733,-0.063991684,0.675526012
ENSG00000107263,0.06786633,0.675554718
ENSG00000181991,0.062667867,0.6755767
ENSG00000276293,0.0382624,0.675589333
ENSG00000163743,0.057388411,0.675648407
ENSG00000230510,-0.14314923,0.675699085
ENSG00000100934,-0.038915798,0.675702039
ENSG00000066044,0.044516087,0.675702222
ENSG00000181045,0.106128128,0.675778899
ENSG00000081377,0.0767857,0.675890515
ENSG00000161944,-0.147819757,0.676061419
ENSG00000096872,-0.103665693,0.676146694
ENSG00000130165,-0.164978734,0.676168948
ENSG00000198553,0.142091284,0.676183599
ENSG00000175606,0.080762553,0.676189532
ENSG00000119771,0.122711321,0.676203654
ENSG00000156973,-0.056997484,0.676214058
ENSG00000129158,0.099585896,0.676256974
ENSG00000093134,-0.147841373,0.676355878
ENSG00000130518,0.145523134,0.676369419
ENSG00000145349,0.056490229,0.676405923
ENSG00000172270,-0.218565648,0.676427274
ENSG00000145012,0.066307325,0.676432276
ENSG00000104973,-0.157698599,0.67643989
ENSG00000107281,-0.201224639,0.676445606
ENSG00000138030,-0.127976527,0.67645458
ENSG00000182117,0.096872253,0.676469194
ENSG00000142089,-0.334751226,0.676657595
ENSG00000198952,-0.051140315,0.676667816
ENSG00000141349,-0.078441755,0.676676167
ENSG00000013725,0.08547882,0.676721294
ENSG00000186827,0.226088579,0.676837355
ENSG00000197124,0.133759434,0.676889814
ENSG00000146540,-0.074730741,0.676986739
ENSG00000124635,-0.136782753,0.677004112
ENSG00000188554,-0.061269711,0.677088495
ENSG00000196850,0.071068476,0.677274457
ENSG00000155858,-0.088766504,0.677289992
ENSG00000118263,0.111084348,0.67729905
ENSG00000164308,-0.183828208,0.677431525
ENSG00000123200,0.051514374,0.677484117
ENSG00000117751,0.066781069,0.677540565
ENSG00000110092,-0.15052375,0.677542186
ENSG00000197721,-0.197671677,0.677620066
ENSG00000146007,-0.174502181,0.677655551
ENSG00000122026,-0.129293688,0.677672412
ENSG00000133256,-0.124234283,0.677730409
ENSG00000105447,0.079095686,0.677780769
ENSG00000164484,0.178682167,0.67778644
ENSG00000135436,-0.154950543,0.677856002
ENSG00000197102,0.080431059,0.677888299
ENSG00000064489,0.155253429,0.677928642
ENSG00000136450,0.033145647,0.677956236
ENSG00000075188,-0.091429322,0.678062799
ENSG00000158710,0.103972774,0.678079605
ENSG00000182389,0.175676336,0.678117488
ENSG00000170271,-0.232377925,0.678146852
ENSG00000162076,0.087076339,0.678180802
ENSG00000047410,-0.050718597,0.678228357
ENSG00000111912,0.074215059,0.678238915
ENSG00000116793,-0.087227705,0.678409631
ENSG00000213906,-0.098743385,0.678414414
ENSG00000284989,-0.652859355,0.678505463
ENSG00000221970,0.142970961,0.678516136
ENSG00000100092,0.071070333,0.67853602
ENSG00000168067,-0.059082147,0.678555717
ENSG00000142102,-0.126755095,0.678561522
ENSG00000108557,-0.102049673,0.678595928
ENSG00000212124,0.139243297,0.678610959
ENSG00000067064,-0.071158039,0.678665745
ENSG00000157240,-0.107389783,0.678703177
ENSG00000158292,0.206116953,0.678815808
ENSG00000237190,-0.092598176,0.678833663
ENSG00000180425,-0.092071619,0.6788585
ENSG00000127561,-0.254630822,0.67886852
ENSG00000160856,-0.112793566,0.678901329
ENSG00000136807,0.045860198,0.678914106
ENSG00000168502,0.189344896,0.679031337
ENSG00000126215,0.082401359,0.679148441
ENSG00000135365,0.100475436,0.679199661
ENSG00000136875,-0.051072138,0.679316979
ENSG00000100453,-0.218780025,0.679343912
ENSG00000160593,-0.117412465,0.679373469
ENSG00000170430,-0.090815352,0.679413008
ENSG00000160785,-0.100966767,0.679424539
ENSG00000144724,-0.303360967,0.679477159
ENSG00000139620,-0.068742514,0.679487033
ENSG00000106635,0.063947226,0.679511478
ENSG00000140830,-0.055868035,0.679628973
ENSG00000233932,-0.748620516,0.679719267
ENSG00000188707,0.056453315,0.679755551
ENSG00000143740,0.061141811,0.679856243
ENSG00000137857,0.141601612,0.679924856
ENSG00000155093,-0.190830949,0.679984386
ENSG00000167964,0.173394414,0.680006649
ENSG00000143514,-0.045901249,0.680013882
ENSG00000100784,-0.091055372,0.6800499
ENSG00000125124,-0.066569292,0.680108196
ENSG00000120832,-0.076116207,0.680108742
ENSG00000186480,-0.064457638,0.68012644
ENSG00000159593,0.085460289,0.68015536
ENSG00000109920,0.06088618,0.680184516
ENSG00000067082,0.056342577,0.680285022
ENSG00000083812,0.045126307,0.680337931
ENSG00000163655,0.061162837,0.680345582
ENSG00000131931,-0.075912346,0.680371756
ENSG00000117153,-0.053253477,0.680416156
ENSG00000204613,-0.219853568,0.680432578
ENSG00000196526,-0.108530005,0.680556641
ENSG00000126581,-0.071193093,0.680596343
ENSG00000198887,0.065615312,0.680596525
ENSG00000276747,0.393327918,0.680608787
ENSG00000116337,-0.126357188,0.680624348
ENSG00000115607,0.151640367,0.680654231
ENSG00000099992,-0.052497274,0.680668462
ENSG00000135047,-0.144495962,0.680693273
ENSG00000113318,-0.060330558,0.680703818
ENSG00000104419,-0.0417663,0.680818243
ENSG00000205045,0.128451532,0.68086772
ENSG00000185869,-0.157783173,0.680949124
ENSG00000179855,-0.303653113,0.680975862
ENSG00000184307,0.109002331,0.681103529
ENSG00000105982,0.131935518,0.681139126
ENSG00000160789,-0.162305195,0.681186035
ENSG00000175582,0.107614607,0.681214704
ENSG00000166266,-0.057961008,0.681267861
ENSG00000175203,0.042806546,0.681279082
ENSG00000115271,-0.162009923,0.681496981
ENSG00000100767,-0.153576648,0.68160696
ENSG00000135148,-0.082617742,0.681653117
ENSG00000104983,-0.092180338,0.681655557
ENSG00000135828,-0.070694572,0.681678063
ENSG00000228300,0.070089075,0.681695884
ENSG00000102032,-0.119986721,0.681734883
ENSG00000179958,-0.115521394,0.681746973
ENSG00000128951,0.086923571,0.682111878
ENSG00000172915,-0.181019337,0.682112514
ENSG00000035681,-0.044300547,0.6821259
ENSG00000185753,-0.045581768,0.682125961
ENSG00000015479,0.054866885,0.682426346
ENSG00000067992,-0.078909813,0.682451454
ENSG00000138459,0.060712645,0.682490902
ENSG00000274750,0.163782606,0.682496925
ENSG00000131781,0.06190098,0.682524639
ENSG00000145781,0.071838429,0.682525758
ENSG00000166546,-0.242063684,0.682550456
ENSG00000052126,0.195319554,0.682639498
ENSG00000132694,-0.126974665,0.682644719
ENSG00000171219,0.140798323,0.682703909
ENSG00000086289,0.253156041,0.682705702
ENSG00000142784,-0.109958798,0.682713171
ENSG00000138363,0.096516143,0.683002554
ENSG00000013275,-0.052426465,0.683046196
ENSG00000177669,0.165018773,0.683047163
ENSG00000125482,-0.045243129,0.68311352
ENSG00000167034,0.511121367,0.683199497
ENSG00000170315,-0.237209102,0.683222852
ENSG00000154305,0.03965374,0.683364214
ENSG00000092841,-0.100074265,0.683413926
ENSG00000198417,0.138818233,0.68347936
ENSG00000005194,-0.061407966,0.68369692
ENSG00000120451,-0.050792688,0.683814984
ENSG00000186532,0.072509552,0.683856661
ENSG00000239779,0.047962829,0.68387362
ENSG00000132478,0.061224797,0.683876525
ENSG00000173848,-0.094915703,0.683897967
ENSG00000164062,-0.052355356,0.683988129
ENSG00000144712,0.165998972,0.684020083
ENSG00000029364,-0.033192414,0.68408885
ENSG00000135638,-0.226975042,0.684135005
ENSG00000134996,-0.06821401,0.68414745
ENSG00000070371,-0.137541295,0.684181755
ENSG00000105323,-0.055789423,0.684211837
ENSG00000143157,0.046534309,0.684226769
ENSG00000263155,-0.276180417,0.684280208
ENSG00000122482,0.067473365,0.68432952
ENSG00000135870,0.068470956,0.684339152
ENSG00000170374,0.265128652,0.684339999
ENSG00000100564,0.06999174,0.684356784
ENSG00000171608,-0.085609819,0.684445765
ENSG00000080986,-0.137360109,0.684516368
ENSG00000113621,0.064162889,0.684541554
ENSG00000059758,-0.042832431,0.684659291
ENSG00000109854,-0.073758365,0.684714621
ENSG00000175893,0.081234816,0.684792891
ENSG00000111879,-0.157220992,0.68479658
ENSG00000127337,0.161575907,0.684809403
ENSG00000163811,0.075390185,0.684820685
ENSG00000185813,-0.070141806,0.685008037
ENSG00000156384,0.121828013,0.685108727
ENSG00000104613,0.043860526,0.685266333
ENSG00000140105,-0.090434036,0.685290631
ENSG00000165669,0.04256991,0.685313946
ENSG00000147789,0.059886231,0.685389848
ENSG00000137824,0.072484723,0.685488181
ENSG00000167283,-0.086850199,0.685497646
ENSG00000184584,-0.049503977,0.685498592
ENSG00000106789,0.078184061,0.685552852
ENSG00000197122,-0.112770711,0.685636083
ENSG00000158545,-0.056001759,0.685640822
ENSG00000167552,-0.121862293,0.685676285
ENSG00000048342,-0.146035559,0.685720966
ENSG00000034510,0.091621912,0.685781067
ENSG00000171103,0.09577648,0.68579625
ENSG00000136152,0.041011632,0.685835111
ENSG00000197763,0.228159437,0.685856137
ENSG00000186716,0.10925979,0.68627819
ENSG00000119335,0.0602385,0.686339885
ENSG00000123159,0.095022168,0.686353575
ENSG00000121058,-0.070056095,0.686384054
ENSG00000204954,-0.111534913,0.686465483
ENSG00000163291,-0.06898533,0.686570553
ENSG00000175581,-0.130046741,0.686576525
ENSG00000010361,-0.104827841,0.686579874
ENSG00000183291,-0.065898704,0.686681334
ENSG00000144580,-0.047624377,0.6867207
ENSG00000164976,0.155152642,0.686733295
ENSG00000101972,-0.063388103,0.686743684
ENSG00000125775,-0.181171189,0.686758754
ENSG00000175768,0.112519045,0.686814503
ENSG00000137563,-0.232748982,0.686870912
ENSG00000132970,-0.256103576,0.686912723
ENSG00000117228,-0.155281237,0.687000641
ENSG00000161203,-0.139632366,0.687120905
ENSG00000168229,0.175106456,0.68717722
ENSG00000136877,-0.083936614,0.687256547
ENSG00000131508,-0.045897604,0.687386895
ENSG00000197948,-0.050309189,0.687399761
ENSG00000211584,-0.140979599,0.687411816
ENSG00000184702,-0.203812383,0.687442232
ENSG00000165985,0.221871781,0.687506426
ENSG00000146576,-0.051241454,0.687593572
ENSG00000285000,0.642029563,0.687679256
ENSG00000170906,-0.068757074,0.687771813
ENSG00000143624,-0.05429892,0.687820463
ENSG00000185215,-0.110397439,0.687821893
ENSG00000148925,0.062505909,0.687839474
ENSG00000087263,-0.058948757,0.687911622
ENSG00000104361,0.111304871,0.688051696
ENSG00000177807,0.209017872,0.688095899
ENSG00000107742,-0.099675538,0.688111296
ENSG00000100711,0.059515119,0.688127009
ENSG00000146592,-0.197023906,0.688161625
ENSG00000147206,0.469728584,0.688244487
ENSG00000133561,0.078863882,0.688315284
ENSG00000074590,-0.284131227,0.688540693
ENSG00000197077,-0.192972617,0.688580101
ENSG00000239998,-0.146958545,0.688720997
ENSG00000168014,0.056345444,0.688722789
ENSG00000197580,0.177511842,0.688773524
ENSG00000174482,0.242653179,0.688839431
ENSG00000114784,0.114867203,0.688896276
ENSG00000116584,-0.067992699,0.688901308
ENSG00000100220,-0.067172589,0.688930588
ENSG00000135372,0.060619149,0.688965335
ENSG00000171448,0.060398105,0.689114224
ENSG00000120616,-0.02985711,0.689125628
ENSG00000169683,-0.089770585,0.689127062
ENSG00000166188,0.063380218,0.689196725
ENSG00000054392,-0.142054494,0.689231639
ENSG00000134107,0.0827334,0.689241512
ENSG00000143578,0.116166753,0.689297706
ENSG00000153037,0.049427198,0.689386563
ENSG00000064995,0.064708688,0.689432495
ENSG00000100299,-0.12457003,0.689523829
ENSG00000144445,0.057451737,0.68955725
ENSG00000198796,0.356220932,0.689701755
ENSG00000133872,0.063177876,0.689793161
ENSG00000163219,-0.058539817,0.689848119
ENSG00000105443,0.053933828,0.68996042
ENSG00000128915,0.066103757,0.689961284
ENSG00000251369,0.08840892,0.689972599
ENSG00000257365,-0.085324975,0.690002661
ENSG00000188786,-0.06627832,0.690030833
ENSG00000101230,0.28590453,0.690038602
ENSG00000133895,-0.075306284,0.690075541
ENSG00000213585,-0.061427948,0.690174093
ENSG00000090097,-0.113308512,0.690241341
ENSG00000204103,0.100687702,0.69026847
ENSG00000169057,0.065956244,0.690308242
ENSG00000168685,0.115303064,0.690308763
ENSG00000169251,0.076771759,0.690394717
ENSG00000196466,0.085170364,0.690411673
ENSG00000100342,-0.098978571,0.690506509
ENSG00000133226,-0.056443621,0.690512367
ENSG00000197724,-0.060920091,0.690520869
ENSG00000091164,-0.047548695,0.690534603
ENSG00000183960,-0.206269246,0.690552311
ENSG00000144840,-0.066592701,0.69056625
ENSG00000162174,0.116584534,0.690641948
ENSG00000163535,0.113805398,0.690729734
ENSG00000134780,0.159569726,0.690783024
ENSG00000214402,-0.272087718,0.690832901
ENSG00000136051,-0.073013737,0.690878534
ENSG00000123600,0.058117563,0.690937434
ENSG00000049167,-0.088036237,0.690957514
ENSG00000204149,-0.079643098,0.690995262
ENSG00000170382,-0.131401379,0.691085243
ENSG00000105088,0.159826113,0.691156653
ENSG00000169981,0.085385753,0.691156975
ENSG00000160226,-0.078694051,0.691229193
ENSG00000130706,-0.051402885,0.691229218
ENSG00000166788,0.093253968,0.691275973
ENSG00000124120,-0.051619192,0.691413131
ENSG00000002586,-0.077197778,0.691475132
ENSG00000111291,-0.298004424,0.691548276
ENSG00000150347,0.082566709,0.691595151
ENSG00000253305,-0.245329333,0.691596274
ENSG00000130764,0.051769825,0.691727511
ENSG00000143452,-0.174734905,0.691730111
ENSG00000113595,0.085304576,0.691779489
ENSG00000131944,-0.139974087,0.691841485
ENSG00000138640,-0.091956866,0.691878927
ENSG00000165898,0.080009556,0.691931445
ENSG00000143321,-0.179506184,0.692016818
ENSG00000259522,-0.676817278,0.692092088
ENSG00000104635,0.121863586,0.692166895
ENSG00000165525,0.047273314,0.692169332
ENSG00000198668,0.052959756,0.692217013
ENSG00000166747,0.04722507,0.692386155
ENSG00000257743,0.257829291,0.692422591
ENSG00000181192,-0.073442078,0.692567237
ENSG00000125651,0.047779999,0.692633166
ENSG00000110880,-0.08742218,0.69268174
ENSG00000136938,-0.157045346,0.69270471
ENSG00000059769,0.090874474,0.692731441
ENSG00000204389,-0.117097744,0.69285918
ENSG00000124406,0.059537298,0.692943633
ENSG00000198833,0.10476431,0.692964522
ENSG00000270011,-0.333935839,0.693190004
ENSG00000173276,0.058210918,0.693215686
ENSG00000123405,-0.152697529,0.693253311
ENSG00000141570,0.09593438,0.693303292
ENSG00000164885,0.088324118,0.693308788
ENSG00000123933,-0.075660603,0.693318214
ENSG00000113108,-0.098188717,0.693321882
ENSG00000166263,0.096342913,0.693337061
ENSG00000165821,0.180708045,0.69335511
ENSG00000166025,0.128693233,0.693360583
ENSG00000130713,0.065581298,0.69338126
ENSG00000138172,0.087564265,0.693404085
ENSG00000089022,0.047084359,0.693539832
ENSG00000151893,-0.07757709,0.693650568
ENSG00000185811,0.037329756,0.693758916
ENSG00000169021,0.062960591,0.693761712
ENSG00000133026,-0.118632311,0.693879966
ENSG00000154380,0.217894816,0.693895322
ENSG00000243477,0.105608795,0.693934193
ENSG00000178789,-0.122736973,0.69394404
ENSG00000151743,-0.093357905,0.694002245
ENSG00000181523,0.076718147,0.694020521
ENSG00000162881,-0.128110765,0.694177525
ENSG00000185414,0.064081909,0.694344641
ENSG00000136143,0.065585049,0.694373235
ENSG00000178573,0.11154124,0.694381456
ENSG00000170296,-0.103822838,0.69450102
ENSG00000100034,-0.117084527,0.69450198
ENSG00000138801,-0.124038011,0.694503845
ENSG00000092847,-0.060238872,0.694526585
ENSG00000115568,0.071184415,0.694771427
ENSG00000135362,0.124818555,0.694884191
ENSG00000173868,-0.18214615,0.694980451
ENSG00000204438,-0.063659672,0.69511908
ENSG00000184270,0.109923314,0.695127939
ENSG00000137959,-0.328138436,0.695165828
ENSG00000147050,0.051127558,0.69528337
ENSG00000119917,-0.257956187,0.695297023
ENSG00000115540,0.063249383,0.69529928
ENSG00000100335,0.044351352,0.695343865
ENSG00000162600,0.073939825,0.695359617
ENSG00000175387,0.039083814,0.695383216
ENSG00000119689,0.04411276,0.695420159
ENSG00000255561,-0.118990363,0.695455405
ENSG00000151576,-0.040416698,0.695613404
ENSG00000239713,0.126704497,0.695621024
ENSG00000158158,-0.057229735,0.695640628
ENSG00000143994,-0.15279127,0.695891424
ENSG00000157322,0.274914189,0.695910849
ENSG00000114933,0.057712686,0.695915104
ENSG00000113269,-0.097393859,0.696002944
ENSG00000173200,0.11060428,0.69606155
ENSG00000123545,0.126643949,0.696215413
ENSG00000162980,0.068091116,0.696286382
ENSG00000121988,-0.102168356,0.696311625
ENSG00000204219,0.235329619,0.696348157
ENSG00000121940,-0.070663612,0.696374674
ENSG00000185973,0.063067129,0.696445279
ENSG00000100614,-0.134994478,0.696494272
ENSG00000137269,0.119574621,0.696581883
ENSG00000102572,0.043925319,0.696634733
ENSG00000198369,-0.141437618,0.696655066
ENSG00000112195,-0.130993563,0.696695146
ENSG00000105325,-0.106676736,0.696702155
ENSG00000166979,0.124477706,0.696840349
ENSG00000197415,-0.18766653,0.696892225
ENSG00000103479,0.052062055,0.696904511
ENSG00000108819,-0.084907419,0.697090281
ENSG00000101247,0.06836531,0.697094133
ENSG00000188549,-0.164601821,0.697189632
ENSG00000177144,0.251138574,0.697205534
ENSG00000160007,0.076418657,0.697219775
ENSG00000239704,0.344272193,0.697280347
ENSG00000150756,0.075818612,0.697337359
ENSG00000168958,0.039256405,0.697352776
ENSG00000187231,0.080532891,0.697530845
ENSG00000162851,0.080692578,0.697552667
ENSG00000169020,-0.096670433,0.6977475
ENSG00000124098,-0.262944259,0.697781219
ENSG00000171819,-0.168061433,0.697800822
ENSG00000148335,0.072160837,0.697807461
ENSG00000254999,-0.061058777,0.697876363
ENSG00000164117,-0.057022126,0.697877111
ENSG00000145191,0.053086432,0.698019875
ENSG00000144659,0.103811491,0.698090359
ENSG00000166598,-0.085741831,0.698317505
ENSG00000176083,-0.41946692,0.698411021
ENSG00000109066,0.064999801,0.698512678
ENSG00000112679,-0.045677793,0.698534288
ENSG00000268041,0.24525194,0.698558768
ENSG00000198019,-0.19250911,0.698654664
ENSG00000179627,0.121301131,0.698712898
ENSG00000136319,0.05788472,0.698883241
ENSG00000146918,0.073314275,0.698889478
ENSG00000176623,-0.051278724,0.698999688
ENSG00000122952,0.245296884,0.699020198
ENSG00000155366,0.106976387,0.699079042
ENSG00000204308,0.074030472,0.699080864
ENSG00000112077,-0.227770979,0.699116237
ENSG00000135976,0.094203689,0.6991334
ENSG00000160588,-0.122042754,0.699161593
ENSG00000168734,-0.127127757,0.6991825
ENSG00000114853,-0.122704776,0.699192358
ENSG00000213231,0.306318793,0.699229021
ENSG00000077254,0.03843794,0.699267525
ENSG00000162999,-0.110047927,0.699305529
ENSG00000180953,0.139548763,0.699320898
ENSG00000070367,0.049940673,0.699444729
ENSG00000166326,0.049699725,0.699474062
ENSG00000101336,-0.126298844,0.699652636
ENSG00000253159,-0.277783683,0.699733067
ENSG00000175573,-0.062759039,0.699740751
ENSG00000128607,0.052480762,0.699788156
ENSG00000149474,0.072698654,0.699821436
ENSG00000197045,-0.061933993,0.699852294
ENSG00000089154,0.060677779,0.699978499
ENSG00000100242,-0.054961637,0.700015348
ENSG00000171634,0.05765558,0.700018455
ENSG00000145220,0.099891142,0.7000631
ENSG00000184178,-0.051480013,0.700102541
ENSG00000117410,-0.109924942,0.700258354
ENSG00000065320,-0.109667547,0.700276515
ENSG00000181220,-0.109687615,0.700413037
ENSG00000162613,0.052415829,0.700446932
ENSG00000110274,0.052119145,0.700466554
ENSG00000148187,0.06629668,0.700542526
ENSG00000037042,0.130816064,0.700546129
ENSG00000138604,-0.072464688,0.700646463
ENSG00000135363,0.104128126,0.700677322
ENSG00000189221,0.628029214,0.700714336
ENSG00000080493,-0.180909895,0.700767279
ENSG00000095485,-0.040870797,0.700787657
ENSG00000178028,-0.059906113,0.700791277
ENSG00000189129,-0.113168552,0.700859158
ENSG00000155592,-0.063595008,0.700868509
ENSG00000188820,0.163410236,0.700874818
ENSG00000271092,0.119441538,0.700889125
ENSG00000167483,0.17587752,0.700920324
ENSG00000163938,-0.1018932,0.700921608
ENSG00000104936,0.123114439,0.700995682
ENSG00000131238,0.175396035,0.701040851
ENSG00000109381,0.059255398,0.701404642
ENSG00000063438,-0.118631342,0.701508747
ENSG00000214688,-0.12254407,0.701522836
ENSG00000111906,-0.107829143,0.701721085
ENSG00000110799,-0.187846733,0.701767122
ENSG00000122188,0.084029806,0.701830148
ENSG00000196873,0.073263566,0.70191415
ENSG00000186174,0.1285789,0.701919674
ENSG00000065000,-0.050702877,0.702018265
ENSG00000165322,0.079183802,0.702040147
ENSG00000134962,-0.093114956,0.702263775
ENSG00000161011,-0.082110788,0.702293906
ENSG00000070423,-0.072633338,0.70238253
ENSG00000162543,0.146522162,0.702392862
ENSG00000188243,0.171094588,0.702400806
ENSG00000104611,-0.205067646,0.702464868
ENSG00000140876,0.150501365,0.702467383
ENSG00000167077,-0.097557654,0.702505055
ENSG00000159111,0.083129399,0.702580408
ENSG00000138834,-0.068504691,0.70262327
ENSG00000171657,0.113569277,0.702631346
ENSG00000000460,-0.064192082,0.70265808
ENSG00000256812,0.153529823,0.702672744
ENSG00000166435,0.059198693,0.702779732
ENSG00000212916,0.111894045,0.702836332
ENSG00000179242,-0.241325157,0.702856872
ENSG00000131269,-0.045527928,0.702996793
ENSG00000122687,0.072938138,0.702998612
ENSG00000136718,0.062434951,0.703040099
ENSG00000079785,0.076465549,0.70308953
ENSG00000110237,-0.20109761,0.703146233
ENSG00000090263,-0.132928543,0.703268958
ENSG00000088992,-0.184076816,0.703329875
ENSG00000092203,-0.045067075,0.703340112
ENSG00000170903,-0.070891288,0.703350724
ENSG00000099849,0.079476148,0.703362586
ENSG00000082258,0.043178859,0.70339134
ENSG00000151320,-0.202773318,0.703443887
ENSG00000132589,-0.108940539,0.703448454
ENSG00000083896,-0.038801549,0.703557132
ENSG00000132603,-0.071800223,0.703656321
ENSG00000158234,-0.11675797,0.703667256
ENSG00000115204,0.055430179,0.703865504
ENSG00000102805,0.05061246,0.703976797
ENSG00000072818,-0.042421843,0.704046918
ENSG00000196290,0.079338668,0.704154054
ENSG00000168028,0.111392598,0.704260192
ENSG00000101986,-0.084301481,0.704261301
ENSG00000197275,-0.135604573,0.704262693
ENSG00000133030,0.065212797,0.704299412
ENSG00000171310,-0.071916779,0.704310685
ENSG00000197136,-0.067593074,0.704379818
ENSG00000105136,0.089352158,0.704426379
ENSG00000117748,0.048994863,0.704431067
ENSG00000154102,0.177824119,0.70443169
ENSG00000004534,0.048847882,0.704554523
ENSG00000074276,0.17015418,0.704655355
ENSG00000128011,-0.129821283,0.704663007
ENSG00000116157,0.096948698,0.70466607
ENSG00000158825,-0.144600377,0.70466697
ENSG00000105514,-0.121522777,0.70477291
ENSG00000144485,0.164942044,0.704778842
ENSG00000198925,-0.117875554,0.704829485
ENSG00000183625,-0.153847249,0.704920391
ENSG00000078043,0.059793801,0.704940637
ENSG00000187800,-0.205102435,0.705039219
ENSG00000167578,0.057872391,0.705117326
ENSG00000135083,-0.203025209,0.705184899
ENSG00000213593,-0.060058634,0.705228928
ENSG00000198876,-0.236073248,0.705285246
ENSG00000154978,0.034724261,0.705312446
ENSG00000185963,-0.058001885,0.705376849
ENSG00000277462,0.124729526,0.705395784
ENSG00000111961,-0.14090982,0.705400166
ENSG00000177463,0.044567295,0.705491388
ENSG00000165617,-0.318991059,0.705497422
ENSG00000173141,0.086833438,0.70557679
ENSG00000198356,-0.090469053,0.705607527
ENSG00000138496,-0.1185789,0.705639973
ENSG00000169189,0.067843606,0.705655809
ENSG00000100629,0.081877209,0.705731331
ENSG00000273154,0.114653373,0.705733559
ENSG00000258227,0.179729271,0.705748255
ENSG00000179542,0.126078783,0.70576108
ENSG00000213638,0.145722705,0.705816381
ENSG00000129450,-0.125632742,0.706028863
ENSG00000186517,-0.041365198,0.706052039
ENSG00000047249,0.03890443,0.706098048
ENSG00000133067,-0.195282067,0.706209302
ENSG00000275052,-0.03455326,0.706225916
ENSG00000105875,-0.054500719,0.706390739
ENSG00000060749,0.063362727,0.706445321
ENSG00000139990,0.042578092,0.706502479
ENSG00000175087,0.079507617,0.706516439
ENSG00000021762,-0.132301743,0.706540291
ENSG00000269335,-0.059288033,0.706561325
ENSG00000102977,-0.063875939,0.70660204
ENSG00000048649,0.037570154,0.706715233
ENSG00000196663,-0.141208559,0.706798875
ENSG00000139324,0.079974532,0.706824659
ENSG00000114120,0.062420961,0.706992802
ENSG00000175854,-0.083285296,0.707087387
ENSG00000142156,0.195831147,0.707300155
ENSG00000169442,0.163718275,0.707302252
ENSG00000186810,0.101161543,0.707361902
ENSG00000188611,0.238058682,0.707448174
ENSG00000177885,-0.071685076,0.707448975
ENSG00000054219,-0.075820382,0.707542455
ENSG00000054118,-0.048996345,0.707678768
ENSG00000132541,0.140688419,0.707742388
ENSG00000123338,-0.028887347,0.70777681
ENSG00000150787,0.086342557,0.707920637
ENSG00000114331,-0.06885496,0.708056108
ENSG00000133935,0.069756895,0.708097994
ENSG00000164104,-0.108357333,0.708250226
ENSG00000143149,-0.054470483,0.708317903
ENSG00000134248,0.079324549,0.708367656
ENSG00000082996,-0.094568552,0.708393554
ENSG00000171798,0.227388069,0.708409225
ENSG00000106636,0.039527897,0.708466416
ENSG00000127526,-0.050564699,0.708541884
ENSG00000134321,-0.351434271,0.708554903
ENSG00000178852,-0.091422284,0.708593969
ENSG00000173085,-0.089325094,0.708653137
ENSG00000136758,0.028731155,0.708675503
ENSG00000183513,0.047431186,0.708725507
ENSG00000075151,-0.061292391,0.70884952
ENSG00000141086,0.141780635,0.708849954
ENSG00000162384,0.057845265,0.708857514
ENSG00000143156,0.088727127,0.708878984
ENSG00000143799,0.053391888,0.708982719
ENSG00000143337,-0.047352613,0.709000454
ENSG00000110455,-0.125157791,0.709140228
ENSG00000144589,-0.052389656,0.709142018
ENSG00000180537,0.531448946,0.709275283
ENSG00000237440,0.087138626,0.709299157
ENSG00000079308,-0.24972899,0.709323316
ENSG00000071189,-0.070720192,0.709505667
ENSG00000144021,-0.027363961,0.709510367
ENSG00000143353,-0.072708811,0.709514785
ENSG00000099814,0.238249544,0.7095651
ENSG00000099364,0.069187366,0.70958892
ENSG00000153896,0.085023855,0.709686477
ENSG00000204252,0.131013605,0.709708619
ENSG00000108826,-0.070574582,0.709775777
ENSG00000196358,-0.123647107,0.709788973
ENSG00000099797,-0.057871514,0.71006455
ENSG00000033050,0.060288154,0.710069725
ENSG00000093217,-0.135963673,0.710154287
ENSG00000112031,0.057963209,0.710273783
ENSG00000065268,-0.0755651,0.71031118
ENSG00000126768,0.058284745,0.710381523
ENSG00000187098,-0.122376615,0.710391308
ENSG00000175354,0.044360665,0.710420345
ENSG00000127528,-0.065186685,0.71059304
ENSG00000168291,-0.051855922,0.710613085
ENSG00000157601,-0.259290189,0.710613096
ENSG00000184489,-0.122742782,0.71062236
ENSG00000148730,0.053264895,0.710655912
ENSG00000135899,-0.078759736,0.710719816
ENSG00000161791,0.081231122,0.710928426
ENSG00000139116,0.124836357,0.710941025
ENSG00000105205,-0.243032598,0.71094588
ENSG00000161533,-0.10881967,0.711051796
ENSG00000048471,0.059085726,0.711107062
ENSG00000146729,-0.047208884,0.711117472
ENSG00000126561,-0.064623788,0.711179298
ENSG00000170776,-0.058918831,0.711281202
ENSG00000129250,-0.04494875,0.711304431
ENSG00000072803,-0.031023437,0.711491595
ENSG00000277224,-0.11644099,0.711680336
ENSG00000074855,-0.112040933,0.711695012
ENSG00000141026,0.056958093,0.711783019
ENSG00000109323,-0.070323844,0.711803158
ENSG00000100075,-0.084371868,0.711861505
ENSG00000123106,0.081623736,0.711865965
ENSG00000111666,-0.125788667,0.711962294
ENSG00000103351,0.073415189,0.711989411
ENSG00000204946,-0.069543456,0.712002813
ENSG00000198189,-0.089976897,0.712015904
ENSG00000174718,-0.077401518,0.712050488
ENSG00000172086,0.086919752,0.71213421
ENSG00000129566,-0.051568511,0.712183582
ENSG00000178425,-0.061282188,0.712188948
ENSG00000107719,-0.205093115,0.712228275
ENSG00000128944,0.087395626,0.712268205
ENSG00000187210,0.078027586,0.712308104
ENSG00000270379,0.174626303,0.71247719
ENSG00000184232,-0.106819704,0.712533411
ENSG00000058600,-0.043231004,0.712543782
ENSG00000176641,-0.195567205,0.712593133
ENSG00000096063,-0.097479486,0.712717332
ENSG00000179051,0.044701427,0.712737575
ENSG00000160712,-0.124066809,0.712793638
ENSG00000182541,-0.127065953,0.712827332
ENSG00000092094,0.042536345,0.712899493
ENSG00000005059,0.080437038,0.712911396
ENSG00000023572,0.056745888,0.712947759
ENSG00000162032,-0.067396019,0.712999592
ENSG00000166091,-0.204523642,0.713106031
ENSG00000090581,-0.037001792,0.713108089
ENSG00000197409,0.330184469,0.713120628
ENSG00000121210,0.05021774,0.713161267
ENSG00000089006,0.062303735,0.713168221
ENSG00000020577,0.12435113,0.713209016
ENSG00000135144,-0.179597118,0.713222202
ENSG00000275993,-0.13776368,0.713246156
ENSG00000164828,0.058404648,0.713250801
ENSG00000178950,-0.059605787,0.71336048
ENSG00000169609,0.044872853,0.713389123
ENSG00000138795,0.15027742,0.713410336
ENSG00000129473,-0.082508039,0.713490685
ENSG00000137822,0.093199119,0.71349637
ENSG00000187764,-0.076196712,0.713542678
ENSG00000091317,-0.079491284,0.71356532
ENSG00000204176,0.170859094,0.713617535
ENSG00000172315,-0.077313768,0.713636157
ENSG00000113460,-0.085161521,0.713741605
ENSG00000144645,0.157599083,0.713773237
ENSG00000106400,-0.044190258,0.7138658
ENSG00000147896,-0.142693872,0.713913728
ENSG00000164691,-0.06777296,0.713963933
ENSG00000137124,-0.087641847,0.714000593
ENSG00000164715,-0.104570069,0.714009689
ENSG00000013374,-0.061418054,0.714014262
ENSG00000086548,-0.284478274,0.714024374
ENSG00000125629,0.050849717,0.714317329
ENSG00000148204,0.137709631,0.714323072
ENSG00000181982,-0.119960311,0.714394551
ENSG00000152433,-0.153006539,0.714454935
ENSG00000151348,0.054560441,0.714501854
ENSG00000243772,0.354033567,0.714535569
ENSG00000132823,-0.073630851,0.714565982
ENSG00000146856,0.128929894,0.714612108
ENSG00000118513,-0.131791174,0.71461386
ENSG00000130818,-0.088206526,0.714708567
ENSG00000087884,-0.136581769,0.714767256
ENSG00000108576,-0.154763237,0.71478395
ENSG00000051825,0.051030594,0.714785921
ENSG00000130489,-0.221437232,0.714791461
ENSG00000147454,-0.213597247,0.714867586
ENSG00000181036,-0.157364229,0.714887578
ENSG00000180964,0.11823469,0.714916177
ENSG00000116698,0.093628713,0.715337971
ENSG00000172687,-0.094700881,0.715368835
ENSG00000142546,-0.083188786,0.715425469
ENSG00000215301,-0.071583079,0.715602511
ENSG00000162944,-0.108492348,0.715653676
ENSG00000141293,-0.086377061,0.715677755
ENSG00000151327,0.054574907,0.715711274
ENSG00000139174,-0.10654102,0.715730506
ENSG00000119900,-0.093298106,0.71575273
ENSG00000157578,-0.206355688,0.715783282
ENSG00000197114,-0.03911985,0.715959474
ENSG00000163449,0.120305232,0.716022668
ENSG00000174529,0.077200561,0.716029525
ENSG00000205085,-0.21866944,0.716116493
ENSG00000005189,-0.104624961,0.716300918
ENSG00000178726,-0.162678338,0.716353463
ENSG00000160293,0.092030399,0.716381752
ENSG00000270276,0.134399544,0.716384013
ENSG00000130826,-0.051139603,0.716440995
ENSG00000115020,0.052670916,0.716454501
ENSG00000182158,0.090554465,0.716501067
ENSG00000148660,-0.063465603,0.71653583
ENSG00000137404,-0.066595708,0.716563676
ENSG00000234284,-0.117407511,0.716582089
ENSG00000115548,-0.047885102,0.716589156
ENSG00000090266,0.098960243,0.716685337
ENSG00000116221,-0.057404378,0.716685874
ENSG00000165879,-0.123465243,0.716690188
ENSG00000214021,-0.089944857,0.71686254
ENSG00000135045,-0.111140653,0.716872068
ENSG00000130821,-0.228188417,0.716887696
ENSG00000130159,-0.106231485,0.717015303
ENSG00000174989,0.073350439,0.717072248
ENSG00000139178,-0.093599456,0.717209402
ENSG00000205336,-0.158557346,0.71723873
ENSG00000183696,0.060312839,0.717244074
ENSG00000100150,-0.060518687,0.717300766
ENSG00000112339,-0.046967854,0.717396918
ENSG00000105698,0.046296001,0.717415765
ENSG00000156162,-0.075294721,0.717473347
ENSG00000145936,-0.124826265,0.717493957
ENSG00000197586,-0.056141072,0.71749696
ENSG00000087502,0.049694721,0.717498256
ENSG00000160183,-0.239847536,0.717695603
ENSG00000215788,0.122951032,0.718091549
ENSG00000179295,0.030960899,0.718142169
ENSG00000073861,0.143141522,0.718221173
ENSG00000255823,0.15198058,0.718309008
ENSG00000166793,-0.16918004,0.718342253
ENSG00000004059,-0.051343708,0.718374355
ENSG00000152359,0.064499194,0.718380776
ENSG00000214753,0.056946906,0.718473992
ENSG00000125462,0.185559991,0.718507981
ENSG00000116701,-0.098065907,0.718569884
ENSG00000186074,-0.088127326,0.718640329
ENSG00000108861,0.07316319,0.718644324
ENSG00000174227,0.04023453,0.718717637
ENSG00000167987,-0.104315433,0.71873003
ENSG00000110203,-0.257668531,0.718792467
ENSG00000111328,0.089533496,0.71884874
ENSG00000163625,-0.153561599,0.718944556
ENSG00000174917,-0.090409836,0.718992947
ENSG00000022277,-0.074987886,0.719010371
ENSG00000140326,0.064744886,0.719069195
ENSG00000089009,0.110637526,0.719385224
ENSG00000162104,-0.121299168,0.719403919
ENSG00000165409,-0.127964993,0.719443127
ENSG00000146834,-0.044353415,0.719446029
ENSG00000164764,0.105473579,0.719565189
ENSG00000100320,-0.153607007,0.719682566
ENSG00000130558,-0.124855315,0.719743552
ENSG00000167968,-0.189383111,0.719859689
ENSG00000152082,0.08349476,0.719867128
ENSG00000259024,-0.39257826,0.719868952
ENSG00000185527,0.234259573,0.719909764
ENSG00000162585,-0.068348458,0.719969573
ENSG00000065526,0.068956858,0.719997866
ENSG00000273749,-0.075977541,0.720001377
ENSG00000164331,0.045525385,0.720044135
ENSG00000158062,0.056435273,0.720084991
ENSG00000131467,-0.068241638,0.720125757
ENSG00000138663,-0.07630075,0.720213985
ENSG00000119943,0.134308603,0.720283019
ENSG00000213214,0.169840122,0.72037023
ENSG00000126756,-0.073144068,0.720427486
ENSG00000228594,-0.127559503,0.720477061
ENSG00000090975,-0.09846384,0.720500574
ENSG00000165526,0.055135095,0.720526761
ENSG00000137409,-0.044880301,0.720656739
ENSG00000261794,0.275797758,0.720752946
ENSG00000100911,-0.081786926,0.72077897
ENSG00000166478,-0.049160015,0.720788308
ENSG00000006757,-0.150776602,0.720842649
ENSG00000119608,0.102293974,0.720937116
ENSG00000117009,0.098988308,0.720995401
ENSG00000079263,0.074025729,0.721085095
ENSG00000041357,0.076880701,0.721247377
ENSG00000138764,-0.077166925,0.721495656
ENSG00000169607,-0.132214203,0.721563233
ENSG00000143543,0.059117957,0.721613949
ENSG00000169964,-0.067584707,0.72165849
ENSG00000140905,0.171070289,0.721658763
ENSG00000154529,0.222958835,0.721732264
ENSG00000116761,0.161281573,0.721762809
ENSG00000140332,-0.133238538,0.721836823
ENSG00000157778,-0.064051487,0.721905474
ENSG00000179630,0.117011236,0.721929725
ENSG00000111796,0.131846913,0.721936145
ENSG00000064547,-0.104896162,0.721958295
ENSG00000178927,-0.063066252,0.721996473
ENSG00000204356,0.050888218,0.722133
ENSG00000136811,0.056279858,0.72215436
ENSG00000146830,-0.054072621,0.722199095
ENSG00000196083,-0.126191331,0.722209581
ENSG00000008988,0.112350007,0.722407698
ENSG00000166685,0.046931123,0.722556577
ENSG00000188321,0.06970214,0.722650637
ENSG00000153922,-0.040931031,0.722669241
ENSG00000176171,0.050893258,0.722689219
ENSG00000145284,0.157810013,0.722694809
ENSG00000198677,0.050535549,0.722791274
ENSG00000162836,-0.090234591,0.72281921
ENSG00000132388,-0.038004827,0.722894666
ENSG00000179859,-0.095451597,0.722963286
ENSG00000106803,-0.070122231,0.722969455
ENSG00000128918,0.231040042,0.722992207
ENSG00000237489,-0.114756725,0.72304058
ENSG00000111707,0.069095692,0.723172195
ENSG00000143498,0.067776311,0.723276041
ENSG00000077380,0.05970849,0.72328675
ENSG00000198720,-0.185273261,0.723418019
ENSG00000008405,-0.060171232,0.723540256
ENSG00000042286,0.077675039,0.723552888
ENSG00000132591,-0.058919797,0.723591737
ENSG00000129515,0.053457532,0.723620689
ENSG00000243716,0.12256589,0.72372005
ENSG00000164096,-0.064988694,0.72376947
ENSG00000105501,-0.14308013,0.723821947
ENSG00000113504,-0.145193489,0.723824748
ENSG00000175305,0.150353462,0.723827533
ENSG00000100266,-0.110956017,0.723829227
ENSG00000132963,-0.077268608,0.723842331
ENSG00000014824,0.04682119,0.72384565
ENSG00000099326,-0.066622798,0.723848031
ENSG00000171466,0.049043594,0.723960003
ENSG00000198885,0.12679722,0.723973536
ENSG00000101473,-0.044896473,0.724010092
ENSG00000175274,-0.15206261,0.724035855
ENSG00000130175,-0.036636292,0.724174969
ENSG00000139722,-0.060426059,0.724192557
ENSG00000232119,0.063362418,0.724195334
ENSG00000162817,0.191209445,0.72420478
ENSG00000144354,-0.168105122,0.724312464
ENSG00000148737,-0.083440742,0.724316597
ENSG00000122644,0.17881162,0.724375915
ENSG00000160959,0.069443412,0.724505571
ENSG00000111832,0.085610165,0.724671822
ENSG00000112249,0.06239495,0.724681806
ENSG00000070190,-0.095364741,0.724900989
ENSG00000132464,0.226324811,0.724902595
ENSG00000084623,0.064384405,0.724990472
ENSG00000145425,0.179488294,0.724998334
ENSG00000138642,-0.109548449,0.725018128
ENSG00000204010,-0.258655978,0.725034378
ENSG00000189227,0.073610005,0.725061653
ENSG00000116285,-0.119118803,0.72506296
ENSG00000151148,0.057000895,0.725079938
ENSG00000103599,0.149248073,0.725141371
ENSG00000082701,0.05580205,0.725146837
ENSG00000166508,-0.046971616,0.725281485
ENSG00000104964,0.060887316,0.725337113
ENSG00000070756,0.042951338,0.725485325
ENSG00000008394,0.123679384,0.725493683
ENSG00000111911,-0.067523989,0.725556418
ENSG00000065060,-0.052443008,0.725577699
ENSG00000120318,-0.112181478,0.725579832
ENSG00000159023,-0.195841938,0.725601751
ENSG00000100003,0.081734852,0.725640131
ENSG00000157426,0.060774491,0.725719606
ENSG00000149761,-0.044658291,0.725932097
ENSG00000000419,-0.075406504,0.726056376
ENSG00000106003,-0.067093843,0.726076341
ENSG00000115935,0.051131209,0.726076806
ENSG00000162972,0.094214706,0.726106461
ENSG00000132749,-0.131395191,0.726144791
ENSG00000152904,0.051525098,0.726172456
ENSG00000154760,0.114119776,0.726181144
ENSG00000039123,0.048077865,0.726209656
ENSG00000162086,-0.058390469,0.726219381
ENSG00000213760,-0.227978339,0.726247515
ENSG00000130303,0.105291753,0.726254864
ENSG00000110958,0.064025314,0.72627526
ENSG00000091140,0.037106031,0.726282795
ENSG00000283239,0.446360832,0.726337151
ENSG00000116199,0.097280815,0.726381744
ENSG00000114770,-0.089483722,0.72638635
ENSG00000103061,-0.04809961,0.726407896
ENSG00000174928,-0.223268781,0.72675343
ENSG00000167470,-0.100913417,0.72678374
ENSG00000183579,0.174651078,0.72679883
ENSG00000166140,-0.053577987,0.726828194
ENSG00000141485,0.275915058,0.726937915
ENSG00000065357,0.084536161,0.726943682
ENSG00000174444,0.081346491,0.72694426
ENSG00000131061,0.070213117,0.726994592
ENSG00000163406,0.131064994,0.727153127
ENSG00000182957,0.040696278,0.727169968
ENSG00000022840,-0.193614083,0.727257686
ENSG00000214940,-0.625099721,0.727259175
ENSG00000102178,0.047738858,0.727287029
ENSG00000105722,-0.098413082,0.727326217
ENSG00000172172,-0.097170672,0.72734079
ENSG00000170190,-0.117221464,0.727361131
ENSG00000154920,0.130361246,0.727393602
ENSG00000111335,0.124214072,0.727396297
ENSG00000165288,0.065479974,0.727444674
ENSG00000109654,-0.217444673,0.727530776
ENSG00000114054,-0.049738059,0.727551914
ENSG00000167658,-0.053306501,0.727566583
ENSG00000155657,0.08830318,0.727585954
ENSG00000136048,-0.069261619,0.727777717
ENSG00000172167,-0.072222334,0.728009083
ENSG00000104972,-0.084662874,0.728024029
ENSG00000125148,-0.149880214,0.728259454
ENSG00000102796,-0.095845331,0.728328008
ENSG00000188419,0.057279818,0.72834315
ENSG00000128335,-0.079290452,0.728350307
ENSG00000110987,0.139754304,0.728356814
ENSG00000095380,0.050535034,0.728402227
ENSG00000181788,-0.206055069,0.728499724
ENSG00000171492,-0.048961337,0.728516851
ENSG00000174695,-0.044977913,0.728714784
ENSG00000148362,-0.080735841,0.729006441
ENSG00000122035,0.205879118,0.72902524
ENSG00000084733,-0.038860092,0.729053077
ENSG00000126883,-0.056693962,0.729056389
ENSG00000188312,-0.072688329,0.729085621
ENSG00000119707,-0.048515711,0.729116836
ENSG00000108590,0.085777535,0.729160552
ENSG00000108384,0.091925351,0.72925176
ENSG00000123411,0.161250206,0.729254394
ENSG00000100647,-0.086543629,0.729292931
ENSG00000225830,0.038759746,0.729319729
ENSG00000092439,0.043597753,0.729374254
ENSG00000262919,0.079736733,0.729383105
ENSG00000156127,0.093126657,0.729430848
ENSG00000270647,0.056033958,0.729436877
ENSG00000086288,0.15079389,0.729493331
ENSG00000014641,-0.062056011,0.729654002
ENSG00000176619,0.060324035,0.729707
ENSG00000165406,-0.198737631,0.729748037
ENSG00000148143,-0.217909687,0.729787227
ENSG00000103876,0.078685911,0.729792285
ENSG00000171723,0.083790298,0.729832508
ENSG00000177646,-0.048151979,0.729924876
ENSG00000241553,-0.050037209,0.729989107
ENSG00000214338,-0.243108889,0.730029429
ENSG00000127081,0.066723986,0.730060701
ENSG00000223547,-0.143995751,0.730154763
ENSG00000186350,-0.089589567,0.730187278
ENSG00000171456,0.051086745,0.730216195
ENSG00000116525,0.063200853,0.730271507
ENSG00000180182,0.05439379,0.730287349
ENSG00000087074,-0.084651835,0.730295779
ENSG00000164821,0.310362104,0.730336884
ENSG00000165650,0.063139992,0.730362148
ENSG00000111540,-0.064730683,0.730603773
ENSG00000147465,-0.156352587,0.730618124
ENSG00000246705,0.125745831,0.730627583
ENSG00000204991,-0.134680913,0.730669496
ENSG00000108244,-0.19375302,0.730717989
ENSG00000181163,0.09168532,0.730772023
ENSG00000090924,0.084154642,0.730839358
ENSG00000160221,-0.217089316,0.730862413
ENSG00000101294,-0.037794142,0.730879081
ENSG00000067208,-0.082016579,0.731075012
ENSG00000151687,0.083055324,0.73109838
ENSG00000162144,-0.050636149,0.731099957
ENSG00000118363,0.05094113,0.731128793
ENSG00000145817,-0.070944435,0.731153467
ENSG00000115317,-0.051595738,0.731275335
ENSG00000143297,0.103449115,0.731532183
ENSG00000131408,-0.063200764,0.731538011
ENSG00000147475,0.040557,0.73154147
ENSG00000156026,-0.049248421,0.731562051
ENSG00000241058,0.057635956,0.731594421
ENSG00000177374,0.113007271,0.731598946
ENSG00000136710,-0.055704716,0.731635439
ENSG00000159592,0.037764061,0.731698869
ENSG00000153976,-0.395843471,0.731707413
ENSG00000109775,0.079538104,0.731782146
ENSG00000145244,-0.157481199,0.731877358
ENSG00000100473,-0.16052375,0.731877992
ENSG00000136147,-0.057312815,0.731897784
ENSG00000183598,-0.122255636,0.732129477
ENSG00000215012,0.051202737,0.732271113
ENSG00000137965,-0.218111091,0.732298113
ENSG00000140368,-0.038662322,0.73236003
ENSG00000102218,0.082258679,0.73249992
ENSG00000106617,-0.043923001,0.732697332
ENSG00000170266,-0.044548655,0.732773213
ENSG00000167634,-0.216974817,0.73285028
ENSG00000110060,0.078157586,0.732908926
ENSG00000143772,0.048093534,0.732919011
ENSG00000155008,-0.068902427,0.732963316
ENSG00000179222,-0.075584932,0.732970898
ENSG00000100441,-0.033542397,0.7331154
ENSG00000160710,-0.081154024,0.733124324
ENSG00000139323,0.092020388,0.733310053
ENSG00000187902,-0.260810584,0.733346191
ENSG00000165502,-0.077303446,0.733382879
ENSG00000215421,0.049836422,0.733388718
ENSG00000072501,0.036170049,0.733418848
ENSG00000167515,-0.057633124,0.733535813
ENSG00000175309,-0.059486719,0.733550421
ENSG00000141867,-0.113765349,0.733611767
ENSG00000124496,0.047696832,0.733672368
ENSG00000183048,0.207147201,0.733703954
ENSG00000089248,0.062291388,0.733752991
ENSG00000099769,-0.198662251,0.733773915
ENSG00000111711,0.073775984,0.73378148
ENSG00000143418,-0.038696281,0.733783875
ENSG00000170345,-0.119344825,0.733852153
ENSG00000091592,-0.068915494,0.734017434
ENSG00000236383,0.134156493,0.73409367
ENSG00000128654,0.105447912,0.734095946
ENSG00000170946,0.070888351,0.73419412
ENSG00000054611,-0.043520392,0.734286531
ENSG00000155097,-0.053985591,0.73434878
ENSG00000108107,-0.06082927,0.734362883
ENSG00000071462,0.064126259,0.73448204
ENSG00000171863,0.136008276,0.734553664
ENSG00000157036,0.072821448,0.734556097
ENSG00000140450,-0.121108998,0.734606267
ENSG00000147123,-0.063415085,0.734626032
ENSG00000150093,0.10128337,0.734810206
ENSG00000168904,0.057364987,0.734893107
ENSG00000129472,-0.177071419,0.734904014
ENSG00000143384,-0.071394042,0.734930429
ENSG00000179832,-0.076536205,0.734935275
ENSG00000048140,-0.065271452,0.734950313
ENSG00000100207,0.052932611,0.735018134
ENSG00000134255,0.034489899,0.735049918
ENSG00000156502,-0.051083795,0.735065387
ENSG00000107968,0.041673159,0.735084811
ENSG00000170291,-0.058980134,0.735110691
ENSG00000135945,-0.036648235,0.735132699
ENSG00000198160,0.043247377,0.735142124
ENSG00000179715,-0.076912765,0.735185488
ENSG00000145687,0.071888787,0.735422075
ENSG00000012660,-0.073698994,0.735442207
ENSG00000111058,0.163400676,0.735463803
ENSG00000100083,-0.058567603,0.735503767
ENSG00000132361,-0.069716394,0.735559018
ENSG00000101216,-0.054621951,0.735686737
ENSG00000104957,0.050038688,0.735726636
ENSG00000142186,-0.068573285,0.735829035
ENSG00000180185,0.098863304,0.735842638
ENSG00000093000,0.053783973,0.735932275
ENSG00000171570,-0.269786548,0.735970818
ENSG00000082458,0.10241741,0.735991637
ENSG00000127585,0.144467249,0.736062206
ENSG00000145241,0.048241264,0.736080661
ENSG00000182149,-0.034617229,0.736137951
ENSG00000133773,0.079070777,0.736228133
ENSG00000159461,-0.10348963,0.736238471
ENSG00000125676,0.043981244,0.736259636
ENSG00000143515,0.061076045,0.73640826
ENSG00000169967,-0.069961007,0.73653039
ENSG00000154518,-0.070882574,0.736639722
ENSG00000131242,-0.047153822,0.736651252
ENSG00000152127,0.044273479,0.736797061
ENSG00000165458,-0.043088351,0.736944554
ENSG00000095059,-0.040725766,0.736955097
ENSG00000102547,0.065700097,0.737005856
ENSG00000173744,-0.03892913,0.737062877
ENSG00000179304,0.371940043,0.737103362
ENSG00000116560,-0.030866209,0.737117367
ENSG00000081019,0.033471922,0.737158885
ENSG00000112118,-0.064919802,0.73720996
ENSG00000257108,0.128914883,0.737580016
ENSG00000140941,-0.09304878,0.737586606
ENSG00000080345,0.036509291,0.737609477
ENSG00000105656,-0.094374761,0.737643374
ENSG00000204519,-0.097879857,0.737676237
ENSG00000180447,0.247341721,0.737708556
ENSG00000143742,0.081972919,0.737799266
ENSG00000172888,0.052883821,0.737858114
ENSG00000142197,0.051203784,0.737964754
ENSG00000107816,-0.063007749,0.737983579
ENSG00000186376,0.037699657,0.738043084
ENSG00000147140,-0.036116174,0.738137543
ENSG00000171603,0.062583819,0.738148466
ENSG00000108306,0.0707602,0.738262354
ENSG00000144134,-0.067811328,0.738274435
ENSG00000179965,-0.103368555,0.738306341
ENSG00000109332,-0.065490508,0.738404252
ENSG00000023734,0.059428444,0.738445531
ENSG00000117408,-0.050702521,0.738451908
ENSG00000159079,-0.066923328,0.738487531
ENSG00000103126,0.03859295,0.738528623
ENSG00000137103,-0.101156743,0.738567679
ENSG00000136870,0.053374628,0.738726183
ENSG00000157796,0.055944827,0.738744128
ENSG00000156886,-0.408984536,0.738759069
ENSG00000064225,0.090903922,0.738898332
ENSG00000126746,0.046108517,0.738934076
ENSG00000100288,-0.055375626,0.738938312
ENSG00000119812,0.056210859,0.739190524
ENSG00000154556,0.390220419,0.739273965
ENSG00000172403,0.184068613,0.739293285
ENSG00000165300,-0.264567034,0.739339285
ENSG00000176769,-0.299457866,0.739400349
ENSG00000177311,0.102258689,0.739402571
ENSG00000116863,-0.060199379,0.739412064
ENSG00000132842,-0.031405397,0.739417655
ENSG00000166579,-0.082243664,0.739443446
ENSG00000146731,0.05395387,0.73949336
ENSG00000160294,0.043758518,0.739537176
ENSG00000139625,-0.072346917,0.739612515
ENSG00000188542,-0.04756448,0.73976325
ENSG00000111716,0.090845581,0.739892414
ENSG00000171475,-0.056098287,0.739947811
ENSG00000116906,0.047883607,0.740006499
ENSG00000179476,-0.085183683,0.740061848
ENSG00000147443,0.061797279,0.740163678
ENSG00000063046,0.05177644,0.740174181
ENSG00000114670,0.112490185,0.74019622
ENSG00000115053,0.057754083,0.740234381
ENSG00000132275,0.042311622,0.740246054
ENSG00000127838,-0.062858103,0.740268812
ENSG00000258890,0.051876449,0.740334293
ENSG00000172661,0.066125291,0.740359046
ENSG00000182310,-0.131646898,0.740415247
ENSG00000198719,0.209088894,0.740643829
ENSG00000153207,-0.079024621,0.740693774
ENSG00000188897,-0.155218678,0.740702149
ENSG00000129484,0.066651625,0.740721079
ENSG00000088205,-0.045301199,0.740827899
ENSG00000250644,0.182672649,0.740921422
ENSG00000198331,-0.079041482,0.740975743
ENSG00000157933,-0.094620384,0.741117053
ENSG00000221937,0.279033533,0.74124544
ENSG00000196263,-0.248025166,0.741293789
ENSG00000139651,0.044664573,0.741358378
ENSG00000110108,-0.057945575,0.74139213
ENSG00000161955,-0.069313752,0.741493165
ENSG00000155876,-0.043714964,0.741497391
ENSG00000198502,-0.319788474,0.741553308
ENSG00000147601,0.051293173,0.741673329
ENSG00000168300,0.05995804,0.74167788
ENSG00000164056,0.166312535,0.74181949
ENSG00000176463,0.064502845,0.741856219
ENSG00000198133,0.069656426,0.741891536
ENSG00000184990,0.064799497,0.741911881
ENSG00000121578,-0.084173246,0.74191469
ENSG00000280789,0.04350106,0.741960509
ENSG00000245848,-0.085114803,0.741981942
ENSG00000103978,-0.033306474,0.742026816
ENSG00000087085,-0.243697362,0.742070622
ENSG00000253958,0.192036433,0.742075421
ENSG00000175928,0.161975734,0.742082946
ENSG00000076984,-0.093459447,0.742092386
ENSG00000137802,-0.055993019,0.742096758
ENSG00000112212,-0.256399194,0.742174636
ENSG00000099985,-0.139119018,0.74229459
ENSG00000196419,-0.044044469,0.742346458
ENSG00000175215,-0.062726293,0.742365292
ENSG00000104643,0.043366299,0.742379313
ENSG00000198727,0.105340414,0.742412941
ENSG00000115604,0.088387877,0.742553155
ENSG00000069509,0.082820065,0.742663088
ENSG00000167264,-0.063063922,0.742693772
ENSG00000164897,0.058571817,0.742749163
ENSG00000105255,-0.210089806,0.742753206
ENSG00000148411,0.05925121,0.742783888
ENSG00000138964,-0.046288219,0.742872276
ENSG00000237541,0.314943359,0.742943451
ENSG00000146192,-0.072993313,0.742990024
ENSG00000176714,0.09221655,0.743031375
ENSG00000168763,-0.055447005,0.743249933
ENSG00000177628,-0.069480243,0.743310732
ENSG00000091409,0.084107456,0.74336753
ENSG00000010219,0.080042235,0.743536787
ENSG00000204160,-0.101727285,0.743628519
ENSG00000196182,-0.083315719,0.743698185
ENSG00000060982,-0.089535673,0.743698365
ENSG00000100055,-0.072407293,0.743913711
ENSG00000196684,-0.081916386,0.743939938
ENSG00000136250,0.057708517,0.744043381
ENSG00000188807,0.102018702,0.744134062
ENSG00000197852,-0.116550477,0.744196607
ENSG00000166947,-0.225536722,0.744204009
ENSG00000028277,0.066289783,0.744256279
ENSG00000104218,-0.05620028,0.744262752
ENSG00000188295,-0.061448712,0.74426481
ENSG00000198780,-0.130676215,0.744267637
ENSG00000171792,0.083358396,0.744333791
ENSG00000042980,0.09491419,0.744413249
ENSG00000139083,0.072739774,0.744430775
ENSG00000197629,-0.070174876,0.744503108
ENSG00000083520,0.03377512,0.744539087
ENSG00000147689,0.302297076,0.744542543
ENSG00000196470,-0.042771205,0.744584247
ENSG00000177830,0.071585448,0.744792279
ENSG00000163807,0.045649843,0.74491447
ENSG00000095370,0.054099203,0.745016696
ENSG00000258643,0.303678175,0.745030493
ENSG00000174996,0.097481172,0.745041912
ENSG00000262576,0.280399406,0.745068554
ENSG00000204644,-0.263428626,0.745096295
ENSG00000170310,-0.056359091,0.745343749
ENSG00000113272,-0.075570661,0.745358008
ENSG00000168393,0.081525209,0.745399946
ENSG00000104341,0.127361965,0.745464232
ENSG00000064490,-0.054069426,0.745474791
ENSG00000070814,0.048484464,0.74549402
ENSG00000156253,-0.086905075,0.745542838
ENSG00000160219,-0.065795768,0.745557844
ENSG00000147459,-0.108387267,0.745562115
ENSG00000176155,-0.072495873,0.745741417
ENSG00000143612,-0.041690201,0.745773174
ENSG00000145335,-0.206072066,0.745864644
ENSG00000157800,-0.104615179,0.745926315
ENSG00000144566,-0.065001844,0.746075769
ENSG00000137936,-0.16462939,0.746123749
ENSG00000131876,-0.05822367,0.746125208
ENSG00000285292,-0.185926806,0.746174808
ENSG00000143641,-0.035960114,0.746309271
ENSG00000284946,0.094361425,0.746329384
ENSG00000143437,-0.032155944,0.746368047
ENSG00000115275,-0.04516272,0.746380452
ENSG00000065615,-0.058919113,0.74643443
ENSG00000278845,-0.075197451,0.746452266
ENSG00000174206,-0.06687563,0.746481224
ENSG00000163159,0.041233398,0.746482248
ENSG00000164008,0.055659471,0.746600735
ENSG00000198736,-0.104337098,0.74668619
ENSG00000172531,-0.035933837,0.746705189
ENSG00000163900,-0.051039226,0.74678896
ENSG00000081692,-0.051963012,0.746825037
ENSG00000161654,0.045456701,0.746852122
ENSG00000116675,-0.163879163,0.746954913
ENSG00000127249,-0.217717925,0.746998486
ENSG00000010539,-0.054583146,0.747032575
ENSG00000101255,0.10481606,0.747043615
ENSG00000061936,-0.03656062,0.747147558
ENSG00000243414,0.126682412,0.747188894
ENSG00000163682,0.141632311,0.747196327
ENSG00000109586,-0.042709665,0.747230254
ENSG00000179886,0.057711588,0.747313644
ENSG00000174032,-0.042159111,0.747454982
ENSG00000138668,0.048047754,0.747459053
ENSG00000151694,0.032904655,0.747476052
ENSG00000198870,0.1145479,0.747528513
ENSG00000196743,0.044692011,0.747615331
ENSG00000204619,-0.034375156,0.747624061
ENSG00000076356,-0.112497175,0.747639169
ENSG00000177548,0.051571355,0.747647447
ENSG00000185745,-0.290066414,0.747674017
ENSG00000168575,-0.048305608,0.747817963
ENSG00000104412,0.058991899,0.747851177
ENSG00000040487,-0.062774024,0.747862357
ENSG00000165997,0.047803696,0.747890523
ENSG00000137312,-0.076406543,0.747896642
ENSG00000240065,-0.057307323,0.747988014
ENSG00000100982,-0.054404078,0.748027693
ENSG00000111424,-0.097920239,0.748029192
ENSG00000147439,0.050402332,0.748072299
ENSG00000102172,0.054701751,0.748102946
ENSG00000127954,-0.129353595,0.748127081
ENSG00000143977,0.095044316,0.748133305
ENSG00000178093,-0.100186676,0.74814189
ENSG00000125843,-0.050400209,0.748146408
ENSG00000156869,0.175419345,0.74817715
ENSG00000115423,-0.144886028,0.748304617
ENSG00000205307,0.115600853,0.748310582
ENSG00000134470,-0.091135758,0.748334025
ENSG00000168329,0.107299719,0.748359919
ENSG00000163590,-0.077393158,0.748466403
ENSG00000105928,-0.09450544,0.748468393
ENSG00000152556,0.072441039,0.748471862
ENSG00000121297,-0.105679994,0.74847299
ENSG00000158887,-0.085526071,0.74853787
ENSG00000182359,-0.093119819,0.748554429
ENSG00000105492,0.206402527,0.748613048
ENSG00000258366,-0.065440123,0.748629098
ENSG00000148346,-0.254295969,0.748663968
ENSG00000099246,-0.049518482,0.748907908
ENSG00000137133,-0.07468673,0.74908842
ENSG00000146263,-0.062738322,0.749105065
ENSG00000070404,0.108339424,0.749198223
ENSG00000123500,0.064673779,0.749306027
ENSG00000163444,-0.080091907,0.749309485
ENSG00000134987,0.045253915,0.749421725
ENSG00000198888,-0.111983212,0.749435621
ENSG00000104979,-0.064719055,0.749441
ENSG00000158457,-0.105673846,0.749442531
ENSG00000105866,0.054036666,0.749567547
ENSG00000123268,-0.055748938,0.749585951
ENSG00000117305,0.036894081,0.74973674
ENSG00000197093,-0.193967363,0.749791953
ENSG00000131188,-0.167034721,0.749846187
ENSG00000112167,-0.059222625,0.749855197
ENSG00000145337,0.071602975,0.749997169
ENSG00000178307,-0.053405649,0.750054242
ENSG00000117480,-0.103211459,0.75005749
ENSG00000131127,-0.075982897,0.750077843
ENSG00000111885,0.056531065,0.750179487
ENSG00000131873,-0.083636171,0.750286939
ENSG00000144909,-0.067687819,0.750289064
ENSG00000143106,-0.055126135,0.750307387
ENSG00000133316,0.061587577,0.750310869
ENSG00000164022,0.062106843,0.750401
ENSG00000101246,-0.040604715,0.750571155
ENSG00000107290,-0.04517817,0.750650982
ENSG00000167664,-0.188617397,0.750658427
ENSG00000034677,0.041157079,0.750692525
ENSG00000079462,0.086600451,0.75073479
ENSG00000215021,0.052896874,0.750783326
ENSG00000147894,-0.08394623,0.750790383
ENSG00000186767,0.089072559,0.750955003
ENSG00000048991,0.058077223,0.75095675
ENSG00000221995,0.079195106,0.750965136
ENSG00000108946,-0.057593588,0.751007197
ENSG00000153029,0.033459773,0.751048906
ENSG00000114796,0.030378666,0.751082249
ENSG00000196275,-0.068329098,0.75111263
ENSG00000103227,-0.094844794,0.751121504
ENSG00000140319,0.077408492,0.751146801
ENSG00000079257,0.089227593,0.751200436
ENSG00000160325,0.073570016,0.751260561
ENSG00000107897,0.044583128,0.751458719
ENSG00000124256,-0.095165391,0.751459883
ENSG00000214960,0.111315737,0.751565632
ENSG00000159200,0.048828087,0.751603187
ENSG00000114021,0.047159663,0.751671393
ENSG00000165138,0.058239039,0.751700433
ENSG00000176387,0.183828954,0.751765499
ENSG00000134802,-0.048788307,0.7517848
ENSG00000176903,0.050146498,0.751800988
ENSG00000155393,-0.041082308,0.751857988
ENSG00000136840,-0.174148446,0.751893402
ENSG00000100307,0.041493995,0.752007041
ENSG00000181513,0.066273935,0.752103123
ENSG00000183735,0.053014449,0.752119789
ENSG00000167106,-0.109557484,0.752166326
ENSG00000085465,0.118396034,0.752186137
ENSG00000138074,0.0531168,0.752229918
ENSG00000182481,0.071036108,0.752240025
ENSG00000132801,-0.055867399,0.752278707
ENSG00000185885,-0.096391368,0.752298079
ENSG00000126267,-0.066056113,0.752305399
ENSG00000137168,0.086483754,0.752345083
ENSG00000148229,0.055006082,0.752425604
ENSG00000006695,0.050226065,0.752450983
ENSG00000120963,0.046023708,0.752545631
ENSG00000184716,-0.186313947,0.752563415
ENSG00000174173,0.077359286,0.75256536
ENSG00000109163,0.129372256,0.75261273
ENSG00000171566,0.049518903,0.75262952
ENSG00000126088,-0.07634554,0.752661115
ENSG00000130731,-0.072878712,0.752711918
ENSG00000164603,-0.05493938,0.75315328
ENSG00000275074,-0.052862088,0.753274429
ENSG00000165819,0.0383195,0.753278652
ENSG00000134326,-0.20817874,0.753312695
ENSG00000154429,0.050677218,0.753407054
ENSG00000155749,-0.105215233,0.753421119
ENSG00000156531,0.050662623,0.753477554
ENSG00000137075,0.037956475,0.753502456
ENSG00000138029,0.039393061,0.753518334
ENSG00000137501,0.109811052,0.753623433
ENSG00000185236,-0.101371637,0.753757372
ENSG00000164687,-0.115322608,0.753764424
ENSG00000166987,-0.131503456,0.75377022
ENSG00000111670,-0.08294943,0.75377805
ENSG00000149564,-0.161517297,0.753793992
ENSG00000162894,-0.070563646,0.753943915
ENSG00000103319,0.096441741,0.754062283
ENSG00000158793,-0.038254245,0.754067852
ENSG00000018610,0.0431246,0.75408742
ENSG00000173559,-0.098579425,0.754231267
ENSG00000251349,-0.157526657,0.754281833
ENSG00000165338,-0.091725736,0.754309302
ENSG00000196814,0.108458453,0.754411167
ENSG00000112773,0.063647169,0.754417564
ENSG00000163554,-0.208400786,0.754524342
ENSG00000070182,-0.202810059,0.754553309
ENSG00000197046,0.089612464,0.754576464
ENSG00000064726,-0.043032098,0.754690743
ENSG00000067365,-0.048210931,0.754690927
ENSG00000136631,0.045521658,0.754709968
ENSG00000145723,0.07883758,0.754720574
ENSG00000276966,0.065395725,0.754761471
ENSG00000119280,-0.113710366,0.754771144
ENSG00000118308,-0.065313592,0.754788825
ENSG00000197780,0.073766773,0.754788956
ENSG00000119636,-0.166569952,0.754814641
ENSG00000131759,-0.093926489,0.75489021
ENSG00000130158,0.202312058,0.754892752
ENSG00000197312,0.045445376,0.754978872
ENSG00000115657,-0.135094411,0.755001012
ENSG00000173083,-0.095915489,0.755023793
ENSG00000163125,0.046888508,0.755077041
ENSG00000155275,0.049797218,0.755081797
ENSG00000070785,0.068804764,0.755096505
ENSG00000119421,-0.074377636,0.755207644
ENSG00000185252,-0.058411255,0.755219005
ENSG00000140749,-0.09137983,0.755295035
ENSG00000164125,-0.076430718,0.755351299
ENSG00000181322,0.099824135,0.755370255
ENSG00000058453,0.080002652,0.755417286
ENSG00000124370,0.082135226,0.755510775
ENSG00000157985,0.172691226,0.75551737
ENSG00000174125,-0.10791836,0.75554285
ENSG00000123739,-0.058316769,0.755552946
ENSG00000124782,0.04566997,0.755556355
ENSG00000105507,0.224938516,0.755693048
ENSG00000150637,-0.06289022,0.755880671
ENSG00000257591,0.156050299,0.755892521
ENSG00000182512,-0.180658637,0.756003416
ENSG00000152784,0.08006632,0.756017906
ENSG00000128383,-0.126881593,0.756162061
ENSG00000151470,0.065281477,0.756182819
ENSG00000125818,-0.142660785,0.756203603
ENSG00000126243,0.094209475,0.75624609
ENSG00000059378,-0.079144434,0.756258836
ENSG00000187912,0.099608236,0.756265239
ENSG00000126934,-0.073254983,0.756353669
ENSG00000068878,0.090933869,0.756437986
ENSG00000184206,-0.164499372,0.756446992
ENSG00000101901,0.053362639,0.756474592
ENSG00000068650,-0.073715523,0.756480601
ENSG00000107560,0.033550056,0.756508262
ENSG00000085382,0.061633097,0.756533273
ENSG00000180938,0.125656999,0.756545087
ENSG00000068724,-0.046936146,0.756552937
ENSG00000263528,0.03982892,0.756570728
ENSG00000172046,-0.049219122,0.756579257
ENSG00000118200,-0.154267997,0.756584101
ENSG00000110497,-0.037947553,0.756610555
ENSG00000072694,-0.182015348,0.756618463
ENSG00000182774,0.121124993,0.756677649
ENSG00000163382,-0.070952775,0.75670495
ENSG00000154222,0.033957746,0.756706113
ENSG00000112096,-0.109553274,0.756752665
ENSG00000183495,0.095703475,0.756759145
ENSG00000137818,0.06427311,0.756794841
ENSG00000163536,0.09906573,0.756824882
ENSG00000198093,-0.067887252,0.756827308
ENSG00000152256,0.05617586,0.757017263
ENSG00000167565,0.053440657,0.757067758
ENSG00000197535,-0.046184228,0.7572354
ENSG00000155438,0.071620374,0.757267073
ENSG00000123358,0.157829914,0.757323086
ENSG00000115084,0.039363821,0.757369653
ENSG00000145332,-0.059100103,0.757406257
ENSG00000173511,-0.089879733,0.757423744
ENSG00000148219,-0.074387251,0.757493801
ENSG00000171954,0.129320201,0.75759052
ENSG00000175866,0.13022728,0.757657259
ENSG00000197961,0.049157205,0.757677623
ENSG00000152102,0.028818997,0.757761638
ENSG00000101654,0.037637562,0.757763858
ENSG00000064703,0.039059013,0.757832963
ENSG00000136463,-0.061507978,0.757876604
ENSG00000154229,0.083916002,0.757904846
ENSG00000099139,-0.080884696,0.757982565
ENSG00000185989,0.044345847,0.757988241
ENSG00000105887,-0.051776919,0.758136914
ENSG00000204152,0.054550667,0.758186007
ENSG00000068796,-0.0364754,0.758197871
ENSG00000123815,0.04291689,0.758212736
ENSG00000017483,-0.136203464,0.758218682
ENSG00000095209,0.07621033,0.758270277
ENSG00000140443,-0.114354933,0.758297933
ENSG00000158987,0.04408083,0.758385301
ENSG00000160271,0.061867745,0.758402266
ENSG00000067900,-0.040535498,0.758499512
ENSG00000141753,0.133075576,0.75855394
ENSG00000113448,-0.098305122,0.758608346
ENSG00000197162,0.060969808,0.758633474
ENSG00000179921,-0.076697143,0.75865725
ENSG00000071889,0.051076938,0.758710139
ENSG00000255837,-0.086204578,0.758739094
ENSG00000125107,0.036156123,0.758772561
ENSG00000175544,0.151916985,0.758846101
ENSG00000089737,0.035086402,0.758854572
ENSG00000077454,-0.056994433,0.75885676
ENSG00000040199,-0.069901932,0.759001256
ENSG00000144362,0.133627465,0.759066757
ENSG00000204370,-0.052120502,0.759138132
ENSG00000143971,0.075212412,0.759171852
ENSG00000115661,-0.047030703,0.759213029
ENSG00000105409,-0.153169234,0.75924127
ENSG00000244482,-0.121819279,0.759251869
ENSG00000115268,-0.050430481,0.759333351
ENSG00000144199,0.12003567,0.759402583
ENSG00000107863,-0.043563344,0.759441604
ENSG00000176261,-0.048511601,0.759485014
ENSG00000151240,-0.084454567,0.759508862
ENSG00000083844,0.03865169,0.759547667
ENSG00000083937,-0.050160376,0.75963671
ENSG00000160803,0.062054832,0.759835435
ENSG00000163840,-0.067331798,0.759838119
ENSG00000125637,-0.049303501,0.759985821
ENSG00000116299,-0.242560912,0.760053546
ENSG00000205765,0.034352136,0.760060286
ENSG00000142227,0.049195591,0.760079181
ENSG00000121310,-0.066579715,0.760092711
ENSG00000143013,0.036819642,0.760101139
ENSG00000108406,-0.06860174,0.760382729
ENSG00000109270,-0.056291218,0.760388491
ENSG00000168010,-0.104225236,0.760405739
ENSG00000108379,-0.153544096,0.760466795
ENSG00000114859,-0.084550387,0.76046956
ENSG00000196811,0.08058739,0.760567844
ENSG00000137098,-0.141191718,0.760684463
ENSG00000170802,0.034672766,0.760694827
ENSG00000141543,-0.035670932,0.760731086
ENSG00000176928,-0.117376802,0.760742715
ENSG00000119718,0.049645895,0.760818962
ENSG00000125898,-0.059482902,0.760952039
ENSG00000203737,0.136603506,0.760977784
ENSG00000178741,0.066563871,0.761300238
ENSG00000129315,-0.033761888,0.761344211
ENSG00000104081,0.064363483,0.761405139
ENSG00000162377,-0.073516843,0.761437146
ENSG00000114867,-0.042443267,0.76144391
ENSG00000159733,-0.097065012,0.761526306
ENSG00000085415,0.036516558,0.76155516
ENSG00000055609,0.075335246,0.761555499
ENSG00000169359,0.045547213,0.76161743
ENSG00000171700,-0.058762044,0.761627521
ENSG00000067533,0.061365548,0.761722382
ENSG00000167549,0.118553305,0.761867712
ENSG00000124207,-0.034254965,0.761872899
ENSG00000134453,0.033066276,0.762063265
ENSG00000153339,-0.031115733,0.762151371
ENSG00000101307,-0.121757173,0.762188084
ENSG00000092108,0.044312949,0.762301311
ENSG00000122512,0.045013033,0.76238121
ENSG00000129084,0.042404149,0.762393373
ENSG00000139613,0.045987599,0.762401311
ENSG00000131721,0.316589129,0.76249992
ENSG00000152527,0.191041589,0.76267723
ENSG00000163527,0.038918624,0.76272003
ENSG00000158716,0.062878401,0.762735841
ENSG00000114026,0.05594189,0.762758048
ENSG00000160318,-0.116900088,0.762789079
ENSG00000169258,0.138768091,0.762948234
ENSG00000181215,-0.144723704,0.763030412
ENSG00000077549,-0.040203446,0.763176091
ENSG00000007350,-0.193665954,0.763208154
ENSG00000104043,0.084549807,0.763209217
ENSG00000198040,-0.05754055,0.763255415
ENSG00000112308,0.054137017,0.763292077
ENSG00000284753,-0.106634883,0.763316436
ENSG00000171530,0.089937233,0.763364378
ENSG00000114209,0.06547003,0.763412219
ENSG00000174804,-0.203384343,0.763458922
ENSG00000211455,0.058546471,0.763545429
ENSG00000169962,-0.111876249,0.763605111
ENSG00000112763,0.041103935,0.763691385
ENSG00000099910,0.038264496,0.76376892
ENSG00000125746,0.054316026,0.763771399
ENSG00000068912,-0.073179811,0.763791292
ENSG00000213934,0.792359158,0.763874212
ENSG00000117400,0.202542102,0.764128136
ENSG00000091947,0.045143746,0.764152241
ENSG00000186866,0.046814392,0.764156783
ENSG00000185291,-0.14267013,0.764246181
ENSG00000186891,-0.189876798,0.764305228
ENSG00000197712,-0.110763894,0.764463493
ENSG00000114698,0.240175494,0.764552955
ENSG00000160445,-0.136916048,0.76460035
ENSG00000171617,-0.087590067,0.764718043
ENSG00000164930,0.09668567,0.764726579
ENSG00000165006,-0.086431817,0.764924283
ENSG00000102900,-0.042642006,0.765036694
ENSG00000258465,0.734572583,0.765134337
ENSG00000141580,-0.029641904,0.76513884
ENSG00000173599,-0.097497406,0.765234687
ENSG00000148358,0.043413694,0.765249562
ENSG00000077238,-0.085986039,0.765301181
ENSG00000080603,-0.102747284,0.765323588
ENSG00000056050,-0.095824962,0.765364402
ENSG00000170889,-0.053521299,0.765389401
ENSG00000269891,0.303725801,0.765421828
ENSG00000159433,-0.071679058,0.765435731
ENSG00000121274,-0.040748987,0.765512551
ENSG00000241837,0.063430035,0.765566383
ENSG00000060069,-0.049605738,0.765679328
ENSG00000127774,-0.068649454,0.765756474
ENSG00000213240,-0.106331751,0.765801973
ENSG00000258818,0.249805788,0.765959042
ENSG00000130816,0.049001917,0.766022039
ENSG00000181817,-0.046938196,0.766053923
ENSG00000116251,0.071259078,0.766073063
ENSG00000119139,-0.066914672,0.766121219
ENSG00000111647,-0.061139536,0.766125773
ENSG00000164758,0.061617326,0.766192424
ENSG00000111877,0.026512283,0.766220423
ENSG00000143368,-0.041780817,0.766279767
ENSG00000168477,-0.147160096,0.766295041
ENSG00000166676,0.075568084,0.766334761
ENSG00000211445,0.073016541,0.766355392
ENSG00000165637,0.036816139,0.766446229
ENSG00000111215,-0.157770569,0.766520165
ENSG00000162551,-0.183140089,0.766522432
ENSG00000169957,0.085570053,0.76658766
ENSG00000155636,0.060615988,0.766635967
ENSG00000107672,-0.054340494,0.766712072
ENSG00000102524,-0.108558087,0.766713598
ENSG00000215912,-0.093457086,0.766848148
ENSG00000060762,-0.065794345,0.766856232
ENSG00000019169,-0.292909022,0.766943845
ENSG00000156587,-0.095285009,0.767067733
ENSG00000002933,-0.257117258,0.76712646
ENSG00000139433,-0.042250141,0.767337106
ENSG00000092964,-0.054531535,0.767373683
ENSG00000180787,-0.062140941,0.767382247
ENSG00000116688,-0.083804359,0.767404441
ENSG00000115306,0.052756957,0.767716412
ENSG00000118046,-0.099989939,0.767735419
ENSG00000126353,-0.181446155,0.767782853
ENSG00000120438,-0.036059738,0.767818968
ENSG00000143614,0.068241662,0.767849828
ENSG00000116903,0.035155686,0.767871303
ENSG00000085662,0.058766045,0.76787263
ENSG00000144843,0.060098054,0.767873885
ENSG00000136052,0.113506605,0.767918173
ENSG00000142794,-0.076424693,0.767931049
ENSG00000126903,-0.03890571,0.767996551
ENSG00000197063,0.052915582,0.76800355
ENSG00000136156,-0.080373749,0.768061886
ENSG00000184209,-0.04549491,0.768070342
ENSG00000078668,-0.04174696,0.768121398
ENSG00000158161,0.033826877,0.76835412
ENSG00000105808,-0.075549609,0.768515586
ENSG00000184988,-0.065205196,0.768539448
ENSG00000185453,-0.105808931,0.768649285
ENSG00000173208,0.07178071,0.768670954
ENSG00000149084,0.055291188,0.768688793
ENSG00000111371,0.043330452,0.768701189
ENSG00000168140,0.102719883,0.768715441
ENSG00000130638,-0.036939112,0.768720136
ENSG00000092871,-0.063423153,0.768738329
ENSG00000101849,-0.072936874,0.768741579
ENSG00000125538,-0.116732838,0.768800741
ENSG00000136144,-0.033018808,0.768819825
ENSG00000105248,-0.057650915,0.768927463
ENSG00000003096,-0.184778181,0.76902762
ENSG00000108840,-0.061515128,0.769071342
ENSG00000283208,-0.066293661,0.769141075
ENSG00000076685,0.060616841,0.769171058
ENSG00000147854,-0.044163748,0.769226923
ENSG00000090857,-0.064134927,0.76924282
ENSG00000151445,-0.039727629,0.769255391
ENSG00000119402,0.03052653,0.769267625
ENSG00000256436,0.0894095,0.769277225
ENSG00000116824,0.088863593,0.769382331
ENSG00000105227,-0.075579308,0.769389129
ENSG00000075131,0.099481572,0.769402085
ENSG00000107020,-0.058206754,0.769421296
ENSG00000107485,0.084341513,0.769451174
ENSG00000103653,-0.039291287,0.769495508
ENSG00000243725,0.069881157,0.76958321
ENSG00000185345,-0.139877546,0.769628637
ENSG00000138802,0.0319679,0.769646098
ENSG00000104131,0.04015694,0.769779697
ENSG00000169224,-0.100808264,0.769874158
ENSG00000167523,0.082512654,0.76988332
ENSG00000175518,-0.200225873,0.769941676
ENSG00000104969,0.038768991,0.769942939
ENSG00000158089,-0.230824874,0.76994627
ENSG00000278318,-0.245347918,0.769971751
ENSG00000188596,-0.099241445,0.77004459
ENSG00000075303,0.044286416,0.770111854
ENSG00000135423,-0.188974148,0.770153015
ENSG00000163827,-0.23675293,0.770156086
ENSG00000112619,0.113360477,0.770169204
ENSG00000238243,-0.212747551,0.770234067
ENSG00000272391,-0.074232411,0.770261149
ENSG00000168216,0.054311558,0.770265688
ENSG00000167460,-0.057039181,0.770293848
ENSG00000162889,-0.046870288,0.770294268
ENSG00000126777,0.048324325,0.77029672
ENSG00000132646,-0.066853544,0.770374624
ENSG00000188352,-0.047410259,0.77039675
ENSG00000285162,0.214186425,0.770469951
ENSG00000140943,0.032857493,0.770555653
ENSG00000115762,-0.03310595,0.770745392
ENSG00000168916,-0.148739429,0.770747411
ENSG00000113575,-0.032970011,0.770794724
ENSG00000009844,-0.047896882,0.770818542
ENSG00000104892,-0.196162285,0.770903542
ENSG00000175416,-0.040214448,0.770910923
ENSG00000196188,-0.211604903,0.770954858
ENSG00000110723,-0.129865552,0.770959528
ENSG00000162521,0.031446826,0.771023546
ENSG00000149260,-0.127732283,0.771047555
ENSG00000169228,-0.063927869,0.771195561
ENSG00000188130,0.08566466,0.771219242
ENSG00000112394,-0.184403832,0.771248272
ENSG00000104356,-0.064309698,0.771455504
ENSG00000188167,0.064238315,0.771456812
ENSG00000259224,0.113852108,0.771476325
ENSG00000105519,0.043006345,0.771494659
ENSG00000168918,-0.038472995,0.771568805
ENSG00000132470,-0.259761419,0.771592176
ENSG00000156467,-0.07017828,0.771669326
ENSG00000107929,0.039983063,0.771730893
ENSG00000087338,0.038666478,0.771783709
ENSG00000197302,0.063915851,0.771879063
ENSG00000110931,-0.064225941,0.771979045
ENSG00000119203,0.048070382,0.772030885
ENSG00000117461,0.11452832,0.772068581
ENSG00000119977,0.058149678,0.772084414
ENSG00000091651,-0.146133358,0.772154503
ENSG00000221963,-0.075889655,0.772289786
ENSG00000138794,0.078004142,0.772307076
ENSG00000184640,-0.037528602,0.772310333
ENSG00000025434,0.079384337,0.77232257
ENSG00000106261,0.024522136,0.772372458
ENSG00000109736,0.045305013,0.772453474
ENSG00000285943,0.076148033,0.772463069
ENSG00000176401,0.096512588,0.77256511
ENSG00000085998,-0.061350649,0.772571155
ENSG00000132434,-0.060316681,0.772671848
ENSG00000127993,-0.040260085,0.772718828
ENSG00000143761,-0.079523106,0.772743542
ENSG00000183891,0.060762943,0.772804473
ENSG00000103429,0.036432572,0.772833245
ENSG00000141646,0.025807974,0.772877439
ENSG00000174780,-0.036604702,0.772982702
ENSG00000163041,-0.080267966,0.772991272
ENSG00000108651,-0.033843827,0.773010722
ENSG00000125731,0.071481515,0.77312817
ENSG00000110619,-0.030572721,0.773129314
ENSG00000108389,0.024326594,0.773135054
ENSG00000102001,-0.176047287,0.773239193
ENSG00000133687,0.205870968,0.773245586
ENSG00000156414,-0.142786592,0.773253866
ENSG00000066777,0.02954632,0.773263347
ENSG00000170653,0.078694872,0.773266745
ENSG00000103534,-0.124313352,0.77331706
ENSG00000153015,-0.064758845,0.773402335
ENSG00000141232,-0.052356893,0.773603578
ENSG00000253649,-0.19934418,0.773730931
ENSG00000198626,-0.144686699,0.773865327
ENSG00000157350,-0.074602414,0.773868211
ENSG00000110917,0.03369007,0.773944883
ENSG00000148516,-0.044678873,0.77401845
ENSG00000132549,0.049755138,0.77408433
ENSG00000117450,-0.055188868,0.774114434
ENSG00000102181,-0.031961266,0.774198221
ENSG00000254413,-0.129750078,0.774220148
ENSG00000120217,0.104980908,0.774242852
ENSG00000259040,-0.489179358,0.774254201
ENSG00000107099,-0.052040077,0.774396904
ENSG00000134697,-0.043279185,0.774474601
ENSG00000084676,-0.056344606,0.774480406
ENSG00000052841,0.029700859,0.77451809
ENSG00000143727,-0.087724654,0.774521449
ENSG00000038210,-0.06870961,0.774554158
ENSG00000037474,0.032993877,0.774594399
ENSG00000150048,0.153270426,0.774629155
ENSG00000103152,-0.051861817,0.774640064
ENSG00000137166,-0.101741936,0.774672234
ENSG00000174788,0.112354101,0.774679278
ENSG00000171428,-0.081676318,0.774783086
ENSG00000035928,0.036124971,0.774791366
ENSG00000136573,0.099584686,0.774804839
ENSG00000239521,-0.05475602,0.774890114
ENSG00000105953,0.02563691,0.774903739
ENSG00000204842,0.055010254,0.775042739
ENSG00000128294,-0.046911936,0.775044551
ENSG00000169710,-0.069349803,0.775149493
ENSG00000122877,0.114878246,0.77515705
ENSG00000063169,-0.127534578,0.775203567
ENSG00000181284,-0.054295129,0.775213189
ENSG00000096384,0.043543508,0.775390868
ENSG00000154217,0.04365623,0.775392552
ENSG00000170502,0.067463493,0.775548464
ENSG00000175048,0.082622129,0.77561553
ENSG00000150457,-0.062050457,0.77572754
ENSG00000182871,-0.10746978,0.77575056
ENSG00000100211,0.075662728,0.775757595
ENSG00000133027,-0.079589388,0.775797099
ENSG00000076201,0.089153696,0.775806702
ENSG00000109971,0.060309194,0.775892739
ENSG00000074201,0.060252908,0.775901293
ENSG00000137731,-0.224082591,0.77593394
ENSG00000151503,-0.042352664,0.775991543
ENSG00000184792,-0.190483903,0.776009419
ENSG00000078814,0.140735156,0.776070286
ENSG00000173480,0.04562367,0.776077935
ENSG00000090686,0.0314538,0.776177129
ENSG00000170892,-0.087328945,0.776218413
ENSG00000137880,0.107921452,0.776284399
ENSG00000124784,0.058327148,0.776292369
ENSG00000235162,-0.106755966,0.776306112
ENSG00000073282,0.15972092,0.776326271
ENSG00000157212,0.036731995,0.776355008
ENSG00000117174,0.053424029,0.776379705
ENSG00000126067,0.037049652,0.776500361
ENSG00000101752,0.025151745,0.776667083
ENSG00000162433,0.133138949,0.776728833
ENSG00000138678,0.096884983,0.776742304
ENSG00000146143,0.055579719,0.776772266
ENSG00000166851,0.125279643,0.776779954
ENSG00000134830,-0.093910148,0.776797859
ENSG00000133597,0.050305454,0.776801785
ENSG00000158792,0.064751975,0.776924523
ENSG00000089818,-0.025057513,0.776928646
ENSG00000118900,-0.079851331,0.776934382
ENSG00000091073,-0.066828778,0.77696831
ENSG00000152464,0.058152362,0.777008554
ENSG00000006459,0.06502822,0.777050061
ENSG00000129559,0.048956761,0.777066526
ENSG00000133317,-0.136336138,0.777072277
ENSG00000013583,0.094590444,0.777139571
ENSG00000175826,0.073645568,0.777182759
ENSG00000166289,0.094444777,0.777227438
ENSG00000110851,0.037035695,0.777254945
ENSG00000204209,0.032337556,0.777396366
ENSG00000181016,0.107497971,0.777459661
ENSG00000136243,0.052292142,0.777479183
ENSG00000153234,0.167457396,0.777497805
ENSG00000174276,0.067605313,0.777550913
ENSG00000141905,-0.099030289,0.777564533
ENSG00000105810,0.046994777,0.777573641
ENSG00000138942,-0.035726485,0.777573684
ENSG00000214872,-0.132741139,0.777600972
ENSG00000160218,0.033927614,0.777665754
ENSG00000008294,-0.059860058,0.777786576
ENSG00000182899,0.093427562,0.777810338
ENSG00000129103,-0.037573444,0.778202885
ENSG00000089685,-0.199405827,0.77828438
ENSG00000077232,0.035117146,0.77838719
ENSG00000090989,0.038511125,0.778387536
ENSG00000030110,-0.069128583,0.778431738
ENSG00000138035,0.086383982,0.778484208
ENSG00000015676,-0.029277237,0.778503308
ENSG00000141458,-0.065589147,0.778504237
ENSG00000181143,-0.306771093,0.778722421
ENSG00000116586,-0.051525236,0.778738469
ENSG00000136929,-0.181644378,0.778939764
ENSG00000132300,0.03770839,0.779183495
ENSG00000083720,0.072513769,0.779257019
ENSG00000155827,-0.035301842,0.779368198
ENSG00000076706,-0.112851062,0.779495354
ENSG00000119950,-0.179303937,0.779558879
ENSG00000185920,0.115872367,0.779619877
ENSG00000169570,-0.057813526,0.779668752
ENSG00000100714,-0.04359718,0.779740884
ENSG00000112658,0.032029172,0.779741794
ENSG00000106609,0.023915929,0.779743402
ENSG00000100104,-0.112339331,0.77977525
ENSG00000145075,-0.061194799,0.779782783
ENSG00000278053,0.029961507,0.779792627
ENSG00000187243,-0.163241591,0.77981232
ENSG00000100413,-0.038678285,0.779820685
ENSG00000141524,0.047849431,0.779829117
ENSG00000106392,0.045020452,0.779843546
ENSG00000182372,0.042013404,0.779889857
ENSG00000144802,-0.06243889,0.780046349
ENSG00000198440,0.077438996,0.780053477
ENSG00000053524,-0.070305403,0.780086978
ENSG00000163864,-0.08823659,0.780112025
ENSG00000072401,0.075843828,0.780125985
ENSG00000146054,-0.083672476,0.78012945
ENSG00000143786,0.120944122,0.780145091
ENSG00000180113,0.102891505,0.780163067
ENSG00000197930,-0.063563781,0.780164387
ENSG00000149100,0.049059249,0.780197121
ENSG00000204020,-0.135772403,0.78025621
ENSG00000250486,-0.158965821,0.780328297
ENSG00000101109,-0.033741553,0.78034917
ENSG00000196890,-0.150086267,0.780358276
ENSG00000110801,-0.0477281,0.78037324
ENSG00000185864,0.120486504,0.780419876
ENSG00000163584,-0.123299197,0.780432705
ENSG00000158406,-0.065349811,0.780433107
ENSG00000124721,-0.181522756,0.780466182
ENSG00000088256,0.10220083,0.780567879
ENSG00000267059,0.389426862,0.780624124
ENSG00000089012,0.113776884,0.780798233
ENSG00000145016,-0.041293282,0.780839281
ENSG00000176422,0.053071757,0.780843458
ENSG00000126953,-0.077658392,0.780971177
ENSG00000141837,-0.173643282,0.781012571
ENSG00000001084,0.097942419,0.781040342
ENSG00000178188,0.04784309,0.781063942
ENSG00000115761,-0.044462217,0.781067405
ENSG00000185324,0.057498215,0.781148002
ENSG00000148154,0.0433003,0.78116935
ENSG00000075234,-0.082535398,0.781204405
ENSG00000014164,-0.062964027,0.781242819
ENSG00000144648,0.194787504,0.781245694
ENSG00000149679,-0.046494643,0.781359635
ENSG00000137492,0.050036005,0.781403901
ENSG00000135049,-0.05429187,0.781462542
ENSG00000241484,-0.191564792,0.781564664
ENSG00000143379,0.027333001,0.78157903
ENSG00000156395,0.259840688,0.781761156
ENSG00000134444,0.028631091,0.781842902
ENSG00000178860,0.196297974,0.781892288
ENSG00000141469,-0.168810023,0.781910758
ENSG00000173171,-0.073626237,0.782001239
ENSG00000205413,-0.089365165,0.782009176
ENSG00000182240,-0.113549387,0.78209329
ENSG00000134369,-0.08530119,0.782132005
ENSG00000162408,0.045071015,0.782161819
ENSG00000040933,0.042296048,0.782173215
ENSG00000120008,-0.035901201,0.782204838
ENSG00000027847,-0.043980879,0.782213483
ENSG00000124181,0.054227366,0.782314812
ENSG00000025800,0.045056347,0.782359497
ENSG00000144560,-0.038474271,0.782438459
ENSG00000213809,-0.089817383,0.782472376
ENSG00000138193,-0.057386304,0.782687743
ENSG00000171853,0.033994636,0.782767054
ENSG00000127990,0.083656602,0.78277996
ENSG00000138002,0.062321549,0.782848546
ENSG00000165457,-0.112414298,0.783065049
ENSG00000177570,-0.16968634,0.783069095
ENSG00000138785,-0.050684548,0.783092696
ENSG00000129657,-0.103051158,0.783128117
ENSG00000149792,-0.03587387,0.78314318
ENSG00000109881,-0.11675834,0.783175545
ENSG00000179361,-0.044963012,0.783182938
ENSG00000132676,0.033196145,0.783232081
ENSG00000205609,-0.083036475,0.783373403
ENSG00000108510,0.035807947,0.783430975
ENSG00000168517,-0.062428169,0.783481536
ENSG00000253729,-0.045358117,0.783508967
ENSG00000151090,-0.099981654,0.783525115
ENSG00000141564,-0.053952467,0.783658447
ENSG00000143207,0.053954288,0.783745252
ENSG00000143190,-0.046733438,0.783756624
ENSG00000204604,-0.045957061,0.783765767
ENSG00000213096,0.06333424,0.783848193
ENSG00000188610,0.214716275,0.783848649
ENSG00000106565,-0.22677195,0.783979321
ENSG00000120265,-0.044509474,0.784005976
ENSG00000198258,0.051627642,0.784036338
ENSG00000066136,0.041621298,0.784120411
ENSG00000095319,0.047669566,0.784173231
ENSG00000188976,0.036568196,0.784278308
ENSG00000066455,0.03037383,0.784289036
ENSG00000256977,-0.299272047,0.784352443
ENSG00000174607,-0.142652885,0.784397338
ENSG00000173653,0.039830341,0.784417855
ENSG00000284981,-0.100463424,0.784437561
ENSG00000124422,-0.035324016,0.784692058
ENSG00000120254,0.104196427,0.78475742
ENSG00000113387,-0.049637009,0.784814382
ENSG00000214078,-0.07329434,0.784850049
ENSG00000104731,0.073326752,0.784958398
ENSG00000165672,-0.043522846,0.78514594
ENSG00000114790,0.105018151,0.785241489
ENSG00000103248,-0.030626804,0.785356879
ENSG00000188981,-0.117503877,0.785363775
ENSG00000128016,-0.059802677,0.785417549
ENSG00000196778,-0.110574691,0.785454093
ENSG00000116473,0.039897749,0.785481001
ENSG00000116809,0.034331162,0.78548402
ENSG00000120156,0.237642383,0.785616494
ENSG00000101608,-0.048215592,0.785698463
ENSG00000161036,-0.049981008,0.785754546
ENSG00000213639,0.055851074,0.785852328
ENSG00000170175,-0.071101453,0.785868214
ENSG00000102316,-0.043991791,0.785945005
ENSG00000130653,0.094162742,0.786184757
ENSG00000122406,0.081624703,0.786219392
ENSG00000139899,-0.122548662,0.786323374
ENSG00000074964,0.064232868,0.786379085
ENSG00000156256,0.046018464,0.78639871
ENSG00000166321,-0.067901657,0.786423435
ENSG00000077616,-0.082607076,0.786571596
ENSG00000169231,-0.062387056,0.786626554
ENSG00000166197,-0.04341408,0.786689947
ENSG00000141540,0.043856423,0.786724109
ENSG00000204611,0.066223721,0.786748251
ENSG00000143942,-0.085696026,0.786802822
ENSG00000186638,-0.062122034,0.786826403
ENSG00000155229,0.036815061,0.786929798
ENSG00000169330,-0.085989019,0.786950032
ENSG00000073169,0.047301375,0.787025236
ENSG00000174151,0.031448997,0.78703944
ENSG00000137070,0.065798055,0.787072893
ENSG00000172301,0.095783336,0.787109005
ENSG00000162946,-0.091645095,0.787192162
ENSG00000090615,0.057311614,0.787276153
ENSG00000117640,-0.038506154,0.787327572
ENSG00000153989,0.040269539,0.787697275
ENSG00000052802,-0.067965794,0.787736518
ENSG00000169612,0.046910183,0.787791862
ENSG00000214279,-0.115077263,0.787806281
ENSG00000139914,-0.119905835,0.78789054
ENSG00000156970,-0.118657633,0.787990363
ENSG00000235194,-0.047867708,0.78806417
ENSG00000151746,0.055047749,0.788071882
ENSG00000126775,0.03928263,0.788111412
ENSG00000198961,-0.040990331,0.788115143
ENSG00000037280,-0.226217097,0.788161514
ENSG00000184924,0.081697417,0.788201938
ENSG00000157379,-0.047454848,0.788209652
ENSG00000197497,0.117090746,0.788242448
ENSG00000113716,0.038651301,0.788243289
ENSG00000168802,0.026948125,0.788309875
ENSG00000188846,0.059679578,0.788316347
ENSG00000155959,0.062526696,0.788361054
ENSG00000143933,0.044638752,0.788365618
ENSG00000197635,-0.150172678,0.788422631
ENSG00000261052,0.143252058,0.788505145
ENSG00000149177,-0.069544574,0.788568206
ENSG00000130255,0.075678919,0.788579738
ENSG00000167286,0.120191912,0.788611003
ENSG00000156709,-0.044641925,0.788674324
ENSG00000104231,0.055072926,0.788718379
ENSG00000183597,-0.100662322,0.788788286
ENSG00000121350,0.053146405,0.788834174
ENSG00000023287,-0.040876268,0.78903442
ENSG00000128989,0.029706624,0.789088212
ENSG00000168612,0.074584082,0.789113592
ENSG00000155090,0.052367009,0.78936972
ENSG00000269404,0.094197029,0.789414273
ENSG00000110422,0.04246174,0.78942157
ENSG00000167193,0.047006755,0.789455657
ENSG00000031698,-0.031142268,0.789556349
ENSG00000165813,0.034693905,0.789614726
ENSG00000100077,-0.057610552,0.789709794
ENSG00000168769,-0.07604344,0.789727507
ENSG00000138772,-0.178102094,0.789759391
ENSG00000004468,-0.08484039,0.7897835
ENSG00000117593,-0.040505293,0.789842877
ENSG00000196700,-0.08924347,0.789962696
ENSG00000198353,-0.156081524,0.790080425
ENSG00000104907,0.042468106,0.790080567
ENSG00000112685,0.048842601,0.790147434
ENSG00000164346,0.077650023,0.790288332
ENSG00000105963,0.043966579,0.790411402
ENSG00000187775,-0.098940787,0.790417127
ENSG00000278637,-0.118215201,0.790510452
ENSG00000112367,-0.031274189,0.790539593
ENSG00000152804,-0.063551599,0.790595651
ENSG00000196747,-0.10149509,0.790615141
ENSG00000185344,0.043689315,0.790622248
ENSG00000116898,0.058413243,0.79072375
ENSG00000139351,-0.088926651,0.79076356
ENSG00000176386,0.057438211,0.790774747
ENSG00000197771,-0.028950195,0.790821783
ENSG00000104765,-0.157468441,0.790897502
ENSG00000154309,0.065829249,0.790954557
ENSG00000132849,0.089897361,0.790994081
ENSG00000101353,-0.120533314,0.791022898
ENSG00000180263,-0.069250205,0.791090697
ENSG00000115875,0.042424714,0.79112753
ENSG00000204899,0.0813678,0.791130282
ENSG00000130517,0.035889614,0.791203847
ENSG00000177494,0.083144421,0.791253966
ENSG00000198783,0.041047165,0.791294847
ENSG00000169877,-0.216196145,0.79139037
ENSG00000145741,-0.075572502,0.7914059
ENSG00000048828,-0.031200383,0.791462905
ENSG00000213316,-0.188884298,0.791477709
ENSG00000196715,0.035793654,0.791534306
ENSG00000095574,0.037477923,0.7916879
ENSG00000162739,-0.060288903,0.791689324
ENSG00000123444,0.032685786,0.791751419
ENSG00000274600,-0.269249503,0.791762677
ENSG00000133392,-0.08502085,0.791767875
ENSG00000102981,-0.086029009,0.792096354
ENSG00000165240,-0.043600795,0.792115076
ENSG00000213397,0.058251462,0.792137744
ENSG00000100997,-0.05263825,0.792175199
ENSG00000005884,0.113535976,0.792275312
ENSG00000177954,0.124025006,0.792313686
ENSG00000183386,-0.100567359,0.792394
ENSG00000027869,0.090705641,0.792451279
ENSG00000167232,0.066135473,0.792485556
ENSG00000163507,-0.069727597,0.792524521
ENSG00000115216,-0.036769807,0.792591111
ENSG00000110080,-0.094149024,0.792606671
ENSG00000164332,-0.033561796,0.792664505
ENSG00000102710,0.041596719,0.792712119
ENSG00000103343,0.036337692,0.792763821
ENSG00000138796,0.047485228,0.792886288
ENSG00000130830,-0.151464835,0.793002623
ENSG00000182287,0.061801785,0.7930465
ENSG00000184271,-0.069913211,0.793050798
ENSG00000241489,0.062013915,0.793080956
ENSG00000280987,0.376992668,0.793084918
ENSG00000008083,-0.054007045,0.793098376
ENSG00000156052,0.055036264,0.793245822
ENSG00000086065,0.092796334,0.793295002
ENSG00000162496,-0.067483134,0.793302615
ENSG00000178695,-0.061059593,0.793302709
ENSG00000026025,-0.041309225,0.793355532
ENSG00000184588,-0.049072822,0.793391549
ENSG00000242574,0.051336217,0.793403281
ENSG00000141446,0.045563026,0.793409847
ENSG00000270339,-0.115630937,0.793414744
ENSG00000159263,-0.171491282,0.793500509
ENSG00000138744,-0.048156137,0.793507333
ENSG00000147677,0.042880879,0.793570287
ENSG00000101290,0.039852636,0.793578631
ENSG00000076108,-0.062683438,0.793674446
ENSG00000268043,0.043836511,0.793684825
ENSG00000107404,0.043775537,0.793854953
ENSG00000169446,0.027897571,0.793862843
ENSG00000198718,-0.032383404,0.793872501
ENSG00000064607,0.047000898,0.793903401
ENSG00000182903,0.051559882,0.793957653
ENSG00000135250,-0.038696067,0.793958861
ENSG00000175711,-0.090575095,0.793974726
ENSG00000100243,-0.074298904,0.793995657
ENSG00000178971,0.039933977,0.794142843
ENSG00000154719,-0.065302175,0.794178024
ENSG00000204397,0.081113787,0.79418288
ENSG00000172037,0.106014095,0.794184809
ENSG00000133962,0.094967539,0.794190541
ENSG00000116128,-0.075184402,0.794195984
ENSG00000157045,-0.072774217,0.794227804
ENSG00000006015,-0.054953516,0.794341641
ENSG00000011478,-0.093115105,0.79448827
ENSG00000100311,-0.09701248,0.794603404
ENSG00000145494,0.054667075,0.794671208
ENSG00000158321,0.120865654,0.794714368
ENSG00000064419,-0.027471483,0.794716944
ENSG00000100056,0.030644999,0.794809199
ENSG00000160072,0.065949288,0.794839988
ENSG00000131368,-0.038031943,0.794922594
ENSG00000154589,-0.122979461,0.794998808
ENSG00000173638,-0.098181984,0.79501042
ENSG00000274808,-0.137502303,0.795076577
ENSG00000113303,-0.135650073,0.795109982
ENSG00000182885,-0.134727874,0.795123026
ENSG00000153898,-0.074295426,0.795123501
ENSG00000150712,0.026319326,0.795127518
ENSG00000104219,0.052694316,0.795206394
ENSG00000120696,0.069858039,0.795210566
ENSG00000227051,0.170211336,0.795220657
ENSG00000151552,0.07479245,0.795265716
ENSG00000143093,-0.026983203,0.795303419
ENSG00000214562,0.070199797,0.795323176
ENSG00000102837,0.316050979,0.795351879
ENSG00000158270,0.193583511,0.795620715
ENSG00000077458,-0.037180827,0.795621037
ENSG00000076242,0.034339735,0.79570002
ENSG00000117859,-0.02848325,0.795794714
ENSG00000152601,0.025132796,0.795815433
ENSG00000160781,-0.159495496,0.795819177
ENSG00000143702,-0.055984143,0.795832478
ENSG00000243646,0.061547612,0.795873402
ENSG00000071243,-0.033583101,0.795959713
ENSG00000197353,-0.231043286,0.796002647
ENSG00000140474,0.055559602,0.796151313
ENSG00000104872,-0.036390746,0.796176256
ENSG00000272047,-0.093966173,0.796207225
ENSG00000100889,-0.042838897,0.796229903
ENSG00000147457,-0.059245311,0.796270391
ENSG00000064313,-0.028758795,0.796290383
ENSG00000144744,0.030808241,0.796300224
ENSG00000114850,-0.044255824,0.796328356
ENSG00000204186,0.10018448,0.796360748
ENSG00000117360,0.024368003,0.796441531
ENSG00000197050,-0.068926364,0.796465485
ENSG00000166856,0.077864879,0.796493907
ENSG00000142949,-0.166483346,0.796520963
ENSG00000136021,0.033837192,0.796598967
ENSG00000271601,0.037886131,0.796744976
ENSG00000185432,0.060750217,0.7967563
ENSG00000254505,0.062511831,0.796797108
ENSG00000147536,0.081417111,0.79691784
ENSG00000113845,0.038103558,0.796955415
ENSG00000146232,0.042857467,0.796995926
ENSG00000140299,0.032009166,0.797061142
ENSG00000151233,-0.041965352,0.797073388
ENSG00000164073,0.04318153,0.797131147
ENSG00000151006,-0.056212285,0.797178238
ENSG00000139370,-0.047601014,0.797268388
ENSG00000142065,0.044899506,0.797327475
ENSG00000152749,0.054716686,0.797353776
ENSG00000133985,-0.100067527,0.797453549
ENSG00000275342,0.062961427,0.797494081
ENSG00000140992,-0.035860584,0.797696847
ENSG00000176788,-0.114080213,0.797709104
ENSG00000130313,-0.047540455,0.797716182
ENSG00000283787,0.053395486,0.797726438
ENSG00000103202,-0.076646801,0.797816373
ENSG00000239920,-0.175911423,0.797922891
ENSG00000170160,0.335962093,0.797977931
ENSG00000003400,-0.031328208,0.798056157
ENSG00000103245,-0.038167644,0.798126942
ENSG00000154016,0.064553574,0.798236652
ENSG00000128699,-0.039805497,0.798241408
ENSG00000146909,0.044169455,0.798323032
ENSG00000099337,0.048009008,0.798332871
ENSG00000104894,0.038416391,0.798384188
ENSG00000167216,-0.067762769,0.798456612
ENSG00000126653,0.057834037,0.798489971
ENSG00000182718,-0.047383344,0.798528355
ENSG00000106327,-0.121764051,0.798545633
ENSG00000132002,0.031506728,0.798572563
ENSG00000198890,0.060678466,0.79860015
ENSG00000023318,0.025914994,0.798649671
ENSG00000010319,0.184440277,0.798657324
ENSG00000126970,0.103723873,0.798706407
ENSG00000156042,-0.063656499,0.798725843
ENSG00000120159,0.047657967,0.798741642
ENSG00000158578,-0.226550172,0.798895312
ENSG00000075884,0.037074551,0.79893371
ENSG00000277443,-0.09151861,0.798963416
ENSG00000111845,0.083425961,0.799087852
ENSG00000141452,0.050726388,0.799107493
ENSG00000026559,0.176991317,0.799130478
ENSG00000114126,0.066977238,0.799264556
ENSG00000089177,-0.096117032,0.799321461
ENSG00000196793,-0.112866806,0.799376824
ENSG00000197062,-0.040100538,0.799383141
ENSG00000139133,0.04442918,0.799393668
ENSG00000239900,-0.041730946,0.799591123
ENSG00000107443,0.04112287,0.799757709
ENSG00000263001,0.029606581,0.799766254
ENSG00000101188,-0.158787316,0.799771057
ENSG00000139618,0.048396495,0.799792411
ENSG00000250021,-0.106304071,0.799828586
ENSG00000107789,0.053823304,0.799879778
ENSG00000181555,0.033525802,0.799890978
ENSG00000112941,0.034524706,0.799914785
ENSG00000182544,0.031771567,0.799943079
ENSG00000131849,-0.087763159,0.800155763
ENSG00000196155,-0.063353222,0.800283598
ENSG00000278272,-0.181567906,0.800332214
ENSG00000140395,0.041787748,0.800365309
ENSG00000178127,-0.036198422,0.800389469
ENSG00000164292,0.085044638,0.800428685
ENSG00000116194,0.062906761,0.800507476
ENSG00000197355,-0.085950349,0.800509303
ENSG00000102580,-0.041157985,0.800629525
ENSG00000100353,0.03643734,0.800671603
ENSG00000153815,-0.069335425,0.8007234
ENSG00000113658,0.054600375,0.800792477
ENSG00000108799,-0.030818556,0.800810268
ENSG00000130813,0.054942398,0.800815972
ENSG00000108591,0.03935842,0.800838096
ENSG00000128487,-0.114161283,0.800856532
ENSG00000136816,0.058075929,0.800888336
ENSG00000114316,0.047156529,0.800970796
ENSG00000108239,0.073894986,0.800974054
ENSG00000278535,-0.086605588,0.801010352
ENSG00000198873,-0.051146588,0.801067526
ENSG00000203896,-0.053695817,0.801081404
ENSG00000165507,-0.089926746,0.801251698
ENSG00000150867,-0.115225558,0.801253261
ENSG00000136068,0.065326447,0.801262786
ENSG00000255819,-0.142692172,0.801302573
ENSG00000134419,-0.093886979,0.80136798
ENSG00000169826,-0.034208287,0.801417242
ENSG00000109103,-0.055815208,0.801595192
ENSG00000113356,0.081616185,0.80165432
ENSG00000188997,0.050934418,0.801654947
ENSG00000124019,-0.111725297,0.801756055
ENSG00000171115,0.033368004,0.801756628
ENSG00000126709,-0.181738001,0.801757557
ENSG00000143753,0.040856028,0.801803706
ENSG00000186470,0.049380577,0.801874158
ENSG00000066697,0.054981471,0.801877452
ENSG00000132294,0.023977183,0.801904596
ENSG00000065970,0.06197408,0.801956988
ENSG00000166128,-0.036548617,0.801983658
ENSG00000172650,0.069681884,0.80207757
ENSG00000049449,-0.061561417,0.802131049
ENSG00000043514,0.046617665,0.802187359
ENSG00000122679,-0.147618694,0.802189141
ENSG00000067066,-0.042549195,0.802236822
ENSG00000186871,0.065716635,0.802252234
ENSG00000124102,-0.179939178,0.802312597
ENSG00000163468,0.043692915,0.802537257
ENSG00000152348,0.057046299,0.80255765
ENSG00000106344,0.043527767,0.802585426
ENSG00000136059,0.046960568,0.802593723
ENSG00000106077,-0.054455711,0.802683952
ENSG00000161381,0.083709352,0.802692763
ENSG00000137198,-0.146540585,0.802816006
ENSG00000204304,-0.056297955,0.802839655
ENSG00000189283,0.206260041,0.80287173
ENSG00000114023,-0.059772263,0.802907026
ENSG00000107890,0.049686968,0.802944228
ENSG00000124593,-0.081945074,0.802984907
ENSG00000198814,-0.091540347,0.803032169
ENSG00000074803,-0.467462137,0.803070696
ENSG00000171574,0.060995942,0.803088609
ENSG00000168280,-0.100944599,0.803131275
ENSG00000162069,0.156262373,0.803329638
ENSG00000255302,0.051462313,0.803340419
ENSG00000112210,-0.099706926,0.803501057
ENSG00000134758,-0.038089809,0.80353078
ENSG00000140853,-0.057311938,0.803693524
ENSG00000100558,-0.13925409,0.8037202
ENSG00000175390,0.041480485,0.803754683
ENSG00000172640,0.093459322,0.803814795
ENSG00000106462,0.047478544,0.803842787
ENSG00000134590,0.043305206,0.803913108
ENSG00000186577,0.039287755,0.803968762
ENSG00000101280,-0.147114291,0.804097462
ENSG00000161016,0.056917918,0.804178758
ENSG00000100519,0.048761764,0.804212882
ENSG00000167220,-0.051541076,0.804356066
ENSG00000145491,-0.112313074,0.804399133
ENSG00000162722,-0.180804703,0.804462404
ENSG00000185361,0.041271167,0.804492353
ENSG00000214140,0.086569521,0.80450487
ENSG00000168807,0.039294246,0.804512688
ENSG00000080189,0.025406574,0.804582803
ENSG00000176087,0.026874976,0.804624341
ENSG00000279765,0.052543633,0.804673337
ENSG00000156261,0.039253102,0.804689445
ENSG00000219626,0.043387188,0.804859947
ENSG00000171421,0.062196311,0.804896989
ENSG00000107077,0.037172563,0.804928397
ENSG00000137310,-0.068884553,0.804990619
ENSG00000184613,0.133414548,0.805203245
ENSG00000163508,0.10595679,0.805215791
ENSG00000119616,-0.038702241,0.805312487
ENSG00000169905,-0.024975056,0.805329957
ENSG00000120899,-0.035864107,0.805364522
ENSG00000144306,0.032946374,0.805393366
ENSG00000133657,0.033177835,0.805413367
ENSG00000100485,-0.055138352,0.805440507
ENSG00000227057,-0.032578837,0.80552842
ENSG00000159259,-0.089372274,0.805605535
ENSG00000038382,-0.068335064,0.805629488
ENSG00000126106,0.057537807,0.80570229
ENSG00000151465,-0.034874887,0.805742135
ENSG00000196284,0.061577323,0.805743453
ENSG00000180233,-0.031425319,0.805768115
ENSG00000108798,-0.035811859,0.80578721
ENSG00000139679,0.055933295,0.805790775
ENSG00000214517,-0.068294458,0.805833268
ENSG00000031823,-0.025314602,0.805896348
ENSG00000162961,0.072233143,0.805996217
ENSG00000225697,0.050261372,0.806028048
ENSG00000135525,-0.104464451,0.806034163
ENSG00000119446,0.031075685,0.806235234
ENSG00000171791,-0.055453778,0.806312898
ENSG00000069943,0.048752405,0.806320654
ENSG00000214309,0.08811619,0.806360327
ENSG00000179950,-0.025436495,0.806365462
ENSG00000165506,0.053431031,0.806463984
ENSG00000170006,-0.090028009,0.806518605
ENSG00000142409,-0.049865693,0.806533266
ENSG00000091527,-0.022055612,0.806674193
ENSG00000101605,-0.067232408,0.806713702
ENSG00000196646,0.033482704,0.80680857
ENSG00000103168,-0.059466634,0.806872957
ENSG00000204514,-0.061944087,0.80692028
ENSG00000100027,0.069107871,0.806948614
ENSG00000116273,0.039332418,0.806998474
ENSG00000168246,-0.040466172,0.807044446
ENSG00000134452,-0.02714892,0.807085753
ENSG00000070731,-0.086779186,0.807106968
ENSG00000183762,-0.171630235,0.80713035
ENSG00000134602,-0.040842677,0.807180263
ENSG00000137040,0.049668997,0.807242234
ENSG00000169554,0.047353882,0.80768091
ENSG00000162873,-0.147014385,0.807795675
ENSG00000269693,0.079605544,0.807912486
ENSG00000154025,-0.074585525,0.807922886
ENSG00000141582,-0.038970288,0.808139418
ENSG00000157227,-0.121912487,0.808222418
ENSG00000054690,-0.080782368,0.808346923
ENSG00000149150,0.058827059,0.808369905
ENSG00000008710,-0.053928142,0.8083791
ENSG00000140548,-0.041752731,0.808403806
ENSG00000117151,-0.071335192,0.808410043
ENSG00000006831,-0.022239627,0.808411717
ENSG00000136982,0.108560246,0.808545149
ENSG00000198755,-0.064403846,0.8085765
ENSG00000145990,-0.093068167,0.808656633
ENSG00000227268,0.091544745,0.808750833
ENSG00000177853,-0.026018936,0.808753571
ENSG00000196365,0.030866963,0.808761517
ENSG00000147642,0.162713917,0.808820949
ENSG00000111850,0.046232876,0.808830372
ENSG00000110077,-0.056466154,0.808859048
ENSG00000204387,0.055522528,0.808860096
ENSG00000130544,0.038236387,0.808902369
ENSG00000119522,0.047873334,0.809102401
ENSG00000131981,-0.122043612,0.809135729
ENSG00000188342,0.031600975,0.809164671
ENSG00000187240,0.064952898,0.809203882
ENSG00000129467,-0.066325328,0.809471331
ENSG00000172803,0.048582893,0.809495865
ENSG00000126882,0.027982549,0.809698819
ENSG00000184557,-0.114932588,0.809854635
ENSG00000128524,-0.039776798,0.810016698
ENSG00000176731,-0.069580928,0.810088589
ENSG00000215252,-0.056855936,0.810113934
ENSG00000025772,0.047325162,0.810139082
ENSG00000204920,-0.055114035,0.81017656
ENSG00000143409,-0.075021507,0.810202463
ENSG00000177383,0.065866617,0.810202645
ENSG00000120526,0.069052725,0.810206176
ENSG00000154265,-0.045370024,0.810255627
ENSG00000111319,0.108512229,0.810443884
ENSG00000151575,0.095888829,0.810485043
ENSG00000276644,0.108260395,0.810602878
ENSG00000140740,0.030427287,0.810762405
ENSG00000107372,0.037515404,0.810765225
ENSG00000166479,0.039009722,0.810809409
ENSG00000100429,0.058723425,0.810850957
ENSG00000050393,0.041253617,0.810860679
ENSG00000197321,-0.062182893,0.810903343
ENSG00000162927,0.037751395,0.81099353
ENSG00000129480,-0.056824208,0.8109976
ENSG00000105750,0.069979193,0.81110594
ENSG00000103260,0.063979851,0.811114888
ENSG00000081059,0.078264587,0.811118925
ENSG00000167461,0.033863482,0.811120256
ENSG00000232434,-0.10172884,0.811180599
ENSG00000095015,0.04555578,0.811214294
ENSG00000134109,-0.030736918,0.811260781
ENSG00000181467,-0.039951346,0.811309323
ENSG00000101096,0.071492678,0.811404346
ENSG00000138698,-0.041603986,0.811408904
ENSG00000123453,0.138735562,0.811486944
ENSG00000176371,0.050926687,0.811537953
ENSG00000134717,0.032708104,0.811629279
ENSG00000249931,-0.161546956,0.811656499
ENSG00000257315,-0.05114933,0.81165926
ENSG00000213625,-0.030220483,0.811701473
ENSG00000160209,-0.042678982,0.811881237
ENSG00000124532,0.039050808,0.811908491
ENSG00000105221,-0.04554602,0.811990968
ENSG00000164916,-0.038781551,0.812172355
ENSG00000124574,0.050338683,0.812238835
ENSG00000120533,0.033152798,0.812283554
ENSG00000011451,-0.056105047,0.812299761
ENSG00000118898,-0.097581262,0.812339291
ENSG00000162341,-0.059089257,0.812367088
ENSG00000168538,0.020627157,0.812409605
ENSG00000132003,0.086245393,0.812438611
ENSG00000164707,-0.085734253,0.812548111
ENSG00000176454,0.038335955,0.812638371
ENSG00000213762,0.051763594,0.812694315
ENSG00000268744,-0.238494674,0.812702916
ENSG00000119283,-0.134510265,0.812729918
ENSG00000065882,-0.050435286,0.812755941
ENSG00000189042,0.058915102,0.812909407
ENSG00000135605,-0.084527887,0.812936028
ENSG00000159374,-0.088860382,0.812959384
ENSG00000186648,-0.106375836,0.813014803
ENSG00000109911,0.040652367,0.813059935
ENSG00000160307,-0.244047656,0.813096943
ENSG00000038002,-0.052331298,0.813274706
ENSG00000121552,-0.082693634,0.813289216
ENSG00000100364,-0.035816535,0.813304932
ENSG00000142330,0.038537447,0.813340605
ENSG00000159140,0.039084143,0.813467787
ENSG00000197601,-0.038580126,0.813698944
ENSG00000146409,0.061024611,0.813699828
ENSG00000106991,-0.077192991,0.813752731
ENSG00000204599,0.029205957,0.813788506
ENSG00000128578,-0.0951959,0.813840931
ENSG00000166260,0.035796705,0.813856346
ENSG00000196586,0.124652141,0.81387801
ENSG00000134242,0.060160554,0.813891691
ENSG00000117335,-0.047204757,0.813993962
ENSG00000134256,0.065944753,0.813996301
ENSG00000119411,-0.145721191,0.814079655
ENSG00000196187,0.04756963,0.814130721
ENSG00000157570,0.078570252,0.814142923
ENSG00000050344,0.043723898,0.814228186
ENSG00000142459,0.041891419,0.814311289
ENSG00000107341,-0.052813562,0.814320121
ENSG00000196642,-0.033549416,0.814331819
ENSG00000139725,0.035344093,0.814334364
ENSG00000178966,-0.041399077,0.814346434
ENSG00000188738,-0.132185664,0.814448022
ENSG00000021574,0.033232085,0.814665545
ENSG00000134086,0.016741949,0.814669488
ENSG00000009694,0.073353871,0.814740179
ENSG00000164919,-0.085801521,0.814823373
ENSG00000214941,-0.04597751,0.814878324
ENSG00000133818,0.071906673,0.815064134
ENSG00000135052,0.062409727,0.815179161
ENSG00000122705,0.031544021,0.815337183
ENSG00000174485,0.050829483,0.815378951
ENSG00000180138,-0.152213884,0.815382762
ENSG00000170836,0.027654671,0.815393648
ENSG00000135953,-0.045434149,0.815400239
ENSG00000196792,-0.026455004,0.815533031
ENSG00000170264,0.095420127,0.815555778
ENSG00000197238,0.062162859,0.815633327
ENSG00000172932,-0.042901373,0.815643342
ENSG00000122958,0.04145758,0.815647611
ENSG00000185022,0.062250403,0.815705171
ENSG00000116690,-0.11149028,0.815888666
ENSG00000135631,0.103432929,0.81594096
ENSG00000197561,-0.181879823,0.815966178
ENSG00000182809,0.167329661,0.816047432
ENSG00000196993,-0.160256124,0.816110441
ENSG00000182173,0.061925363,0.816130639
ENSG00000139514,0.055258602,0.816205539
ENSG00000142875,0.048630647,0.816219609
ENSG00000196812,-0.043975412,0.816235987
ENSG00000163635,-0.041571022,0.816348292
ENSG00000106692,0.048611783,0.816351374
ENSG00000148484,-0.073826224,0.816363979
ENSG00000130758,0.053780066,0.816376442
ENSG00000176946,0.033280466,0.816457251
ENSG00000204116,0.057362243,0.816530398
ENSG00000090776,-0.058565527,0.81664165
ENSG00000135119,0.102486133,0.816730294
ENSG00000153485,0.053786178,0.816771404
ENSG00000132561,0.086206094,0.816868672
ENSG00000196935,-0.100617538,0.816889349
ENSG00000196116,0.054442143,0.816973348
ENSG00000092421,-0.062813589,0.817034468
ENSG00000157014,-0.031440051,0.817106245
ENSG00000146278,-0.037588527,0.817175762
ENSG00000140650,-0.044728927,0.817286416
ENSG00000168310,-0.044219566,0.81733262
ENSG00000159176,-0.031428972,0.817337594
ENSG00000132394,-0.063700399,0.817346344
ENSG00000163421,-0.137312887,0.817349235
ENSG00000137478,0.032087433,0.81738491
ENSG00000116161,0.042333965,0.817515216
ENSG00000162367,-0.108697606,0.81770345
ENSG00000204344,-0.042134665,0.817711232
ENSG00000164305,0.041240806,0.81775351
ENSG00000156860,-0.063989073,0.81779609
ENSG00000007341,-0.035311786,0.817845342
ENSG00000166986,-0.025512041,0.817992225
ENSG00000185803,0.040030111,0.81803797
ENSG00000118707,0.037747523,0.818151359
ENSG00000175591,-0.103153911,0.818160446
ENSG00000221968,-0.057142207,0.818191928
ENSG00000070010,-0.023145458,0.818200833
ENSG00000116983,-0.166056611,0.81822983
ENSG00000185033,-0.065731646,0.818305521
ENSG00000088179,0.056577038,0.818314945
ENSG00000111275,-0.056733079,0.818343712
ENSG00000188313,-0.102873005,0.818382526
ENSG00000132466,0.034623288,0.818482219
ENSG00000125735,0.048676795,0.818550232
ENSG00000121289,-0.038939119,0.818572974
ENSG00000129675,0.025850249,0.818764277
ENSG00000117479,0.046102756,0.818765023
ENSG00000170100,0.033657499,0.818844228
ENSG00000011243,0.038706311,0.818895369
ENSG00000182253,0.100740827,0.818923513
ENSG00000163145,-0.121086024,0.818953603
ENSG00000156564,-0.220905992,0.818972928
ENSG00000008128,0.031189501,0.818978002
ENSG00000135392,0.023763896,0.81898479
ENSG00000130766,-0.051698087,0.819035442
ENSG00000065491,-0.083832507,0.819112291
ENSG00000134245,0.063705821,0.819239455
ENSG00000168237,-0.043249814,0.819247955
ENSG00000118454,0.036653342,0.819322372
ENSG00000148339,0.039409974,0.819504549
ENSG00000116580,0.026524144,0.819532532
ENSG00000275111,-0.044158476,0.819741633
ENSG00000135114,-0.10965686,0.819757396
ENSG00000137757,0.163602855,0.819790997
ENSG00000229833,-0.050797723,0.819830711
ENSG00000175938,-0.040936889,0.819831211
ENSG00000135919,-0.16778119,0.819835147
ENSG00000070269,0.030876472,0.819887407
ENSG00000085224,0.028085004,0.819917611
ENSG00000164933,-0.038173708,0.819988844
ENSG00000108561,0.03997124,0.820041842
ENSG00000168827,0.032231785,0.820042287
ENSG00000163605,0.037073277,0.820233021
ENSG00000164818,0.047219883,0.820235514
ENSG00000184708,0.02465376,0.820328833
ENSG00000123636,-0.057611028,0.820329609
ENSG00000104960,-0.036046065,0.820334209
ENSG00000110925,0.029343655,0.820356437
ENSG00000141576,-0.10025965,0.820448573
ENSG00000134313,-0.031776802,0.820539643
ENSG00000041353,-0.051885444,0.820619358
ENSG00000156475,-0.089124091,0.820686823
ENSG00000164989,0.065076818,0.820753832
ENSG00000140464,-0.061855978,0.820757503
ENSG00000167536,-0.096689781,0.820782616
ENSG00000153094,-0.046485133,0.820820865
ENSG00000183742,0.09366323,0.82083016
ENSG00000174837,-0.095863342,0.82085088
ENSG00000196735,0.510388381,0.820927779
ENSG00000269242,-0.238587784,0.820953118
ENSG00000170873,-0.057175013,0.820974811
ENSG00000156239,0.057802994,0.821023137
ENSG00000154767,-0.025203808,0.82105572
ENSG00000140598,0.034999013,0.821170037
ENSG00000197217,0.021533294,0.821220645
ENSG00000178764,0.032874737,0.821221044
ENSG00000110395,0.061253856,0.821399241
ENSG00000125817,-0.03708647,0.821406415
ENSG00000103274,-0.040285502,0.821462617
ENSG00000132846,0.054238067,0.821476701
ENSG00000133789,0.060570411,0.821520567
ENSG00000273841,0.053059125,0.821551441
ENSG00000198521,0.044859781,0.82159834
ENSG00000038427,-0.077514157,0.821598384
ENSG00000031081,0.046391364,0.821624942
ENSG00000004939,-0.168535116,0.821749057
ENSG00000091127,0.04752848,0.821824839
ENSG00000163431,-0.181559864,0.821903261
ENSG00000171960,-0.05042144,0.821910758
ENSG00000131469,0.084476549,0.821948558
ENSG00000111725,-0.025311159,0.822045212
ENSG00000204120,0.020557169,0.822053138
ENSG00000012963,-0.027143709,0.822282461
ENSG00000258984,0.255780445,0.822293388
ENSG00000001497,-0.034365821,0.822387161
ENSG00000177963,-0.020433554,0.822434299
ENSG00000229809,0.037038907,0.822519564
ENSG00000197498,-0.05709157,0.822550371
ENSG00000172159,0.067293313,0.822720864
ENSG00000135900,0.038656897,0.822733527
ENSG00000164300,0.052978037,0.822746018
ENSG00000124486,-0.04222868,0.822752768
ENSG00000185825,-0.045428463,0.822776144
ENSG00000196437,0.051913905,0.822787267
ENSG00000152475,0.099418106,0.822874496
ENSG00000149557,-0.112431336,0.822879157
ENSG00000073350,-0.068238145,0.822904399
ENSG00000155792,0.086678902,0.822905995
ENSG00000075618,-0.095305133,0.822952481
ENSG00000170684,-0.071145765,0.822975503
ENSG00000184221,0.121276775,0.823030099
ENSG00000179841,-0.072248329,0.823045153
ENSG00000197386,0.043867193,0.823178839
ENSG00000162623,0.045261487,0.823248514
ENSG00000176681,-0.081059457,0.823355839
ENSG00000122376,-0.053327707,0.823481903
ENSG00000116711,0.058249251,0.823514656
ENSG00000205809,-0.174302287,0.823516663
ENSG00000156232,0.032314376,0.823841339
ENSG00000139154,0.043311902,0.82386342
ENSG00000124571,0.0295823,0.823947292
ENSG00000168936,0.028149334,0.823985735
ENSG00000100664,-0.021891116,0.823999015
ENSG00000274419,0.277356439,0.824043159
ENSG00000140416,-0.068784989,0.824052348
ENSG00000159882,-0.05290486,0.824140014
ENSG00000128203,-0.035247569,0.824177498
ENSG00000113712,0.023146839,0.824304764
ENSG00000113282,0.027105803,0.824431217
ENSG00000213799,0.055065417,0.824454931
ENSG00000213185,-0.071275516,0.824464276
ENSG00000122694,-0.044808503,0.824513688
ENSG00000165782,0.021935042,0.824538471
ENSG00000117000,-0.030192837,0.824561036
ENSG00000197081,-0.073907961,0.824633808
ENSG00000092036,-0.066528298,0.824657585
ENSG00000203326,-0.059426617,0.824662232
ENSG00000165119,-0.030582358,0.824693072
ENSG00000145882,0.041787461,0.824701929
ENSG00000274641,-0.127319201,0.824728745
ENSG00000103326,0.057699339,0.824821624
ENSG00000048392,0.051198846,0.824889068
ENSG00000198001,-0.025665922,0.824926632
ENSG00000151461,0.033695518,0.824926697
ENSG00000024862,-0.040924157,0.825072173
ENSG00000020181,0.059938624,0.825105247
ENSG00000197818,-0.053723436,0.825164192
ENSG00000135269,0.038129682,0.825183616
ENSG00000198034,0.053797525,0.825241388
ENSG00000149480,0.029638871,0.825250693
ENSG00000114098,-0.020062469,0.825258068
ENSG00000242616,0.078183391,0.825266712
ENSG00000198954,0.040514884,0.825338589
ENSG00000259330,0.061111673,0.825421499
ENSG00000113552,0.032755997,0.825478979
ENSG00000139182,0.056617108,0.825497855
ENSG00000140199,-0.061247486,0.825538679
ENSG00000157600,-0.064800725,0.82554862
ENSG00000165916,-0.037520001,0.825592073
ENSG00000115170,0.052218529,0.825613602
ENSG00000185347,-0.05120173,0.825621257
ENSG00000108622,-0.043346931,0.825633232
ENSG00000002919,0.040017927,0.825658632
ENSG00000132664,-0.051480518,0.825676824
ENSG00000138623,-0.086856006,0.825682635
ENSG00000166275,0.046721098,0.825728328
ENSG00000242498,0.104534005,0.825847377
ENSG00000180834,0.234145921,0.825852681
ENSG00000213015,0.041515418,0.825910136
ENSG00000185697,0.081382073,0.825949646
ENSG00000131171,-0.03867017,0.825990313
ENSG00000101126,0.026567011,0.826043708
ENSG00000003987,0.048417335,0.826048811
ENSG00000142867,0.036732102,0.826089697
ENSG00000013392,0.076420919,0.826127273
ENSG00000113391,-0.030551893,0.826171462
ENSG00000181610,0.051005816,0.826199661
ENSG00000226761,-0.091974585,0.826231571
ENSG00000136270,0.035388842,0.826240676
ENSG00000114405,-0.132203596,0.826310587
ENSG00000162825,0.100511251,0.826313597
ENSG00000171467,0.037717638,0.826383672
ENSG00000108587,0.022656639,0.826497175
ENSG00000165868,-0.158045482,0.82658977
ENSG00000165309,-0.148928138,0.82662117
ENSG00000137955,-0.03520834,0.826761772
ENSG00000124134,0.042654359,0.826828246
ENSG00000230989,0.034631311,0.826862896
ENSG00000061337,-0.198744591,0.826908044
ENSG00000139055,0.044544069,0.82692273
ENSG00000116044,-0.030172064,0.826947557
ENSG00000106123,0.056741696,0.827008853
ENSG00000130270,0.099901359,0.827039922
ENSG00000105202,0.059092258,0.827121661
ENSG00000255641,-0.191190537,0.827476533
ENSG00000105287,-0.044379368,0.827507486
ENSG00000169045,-0.031111535,0.827587347
ENSG00000197705,-0.102135921,0.827618956
ENSG00000141384,-0.057689524,0.827633354
ENSG00000161981,-0.056162578,0.827658112
ENSG00000184635,-0.073570167,0.827740838
ENSG00000197372,0.051078352,0.827768592
ENSG00000117139,-0.04148302,0.827796844
ENSG00000017797,-0.061845335,0.827823994
ENSG00000083290,0.037308697,0.827834012
ENSG00000154263,-0.056876148,0.827837404
ENSG00000119782,0.104509153,0.828003524
ENSG00000140463,0.037079518,0.828059857
ENSG00000065911,0.040247854,0.828144567
ENSG00000015475,-0.041265826,0.828152676
ENSG00000175470,0.026525951,0.828187636
ENSG00000006007,-0.05708653,0.828219617
ENSG00000174442,-0.048985544,0.828254258
ENSG00000148399,0.040350165,0.828433153
ENSG00000114942,0.098321301,0.828466062
ENSG00000171302,-0.053750234,0.828500036
ENSG00000077713,0.065447549,0.828530374
ENSG00000153113,0.024540637,0.828550818
ENSG00000103313,-0.077521125,0.828605447
ENSG00000163104,-0.043775663,0.828641448
ENSG00000242485,0.032137646,0.828641458
ENSG00000249437,-0.088238608,0.828732525
ENSG00000164609,0.03984213,0.828748104
ENSG00000176018,0.038049416,0.828858406
ENSG00000234444,0.036367,0.828931167
ENSG00000163629,-0.089871636,0.828943054
ENSG00000180902,-0.056776294,0.828975628
ENSG00000197756,0.046402938,0.829002097
ENSG00000100439,-0.052360814,0.829036228
ENSG00000005381,-0.130441731,0.829267644
ENSG00000164068,-0.103817483,0.829286352
ENSG00000041802,-0.035344214,0.829291788
ENSG00000187792,0.052896556,0.829308008
ENSG00000135776,-0.052527346,0.829328068
ENSG00000148396,0.042152698,0.829372743
ENSG00000149269,-0.053518007,0.829402547
ENSG00000198431,-0.036015102,0.829438366
ENSG00000146858,0.120314466,0.829443459
ENSG00000198815,0.020074868,0.829513269
ENSG00000138835,-0.030772246,0.829537853
ENSG00000181222,0.068452153,0.829581865
ENSG00000121236,0.142083649,0.829696402
ENSG00000153201,0.023050961,0.82969694
ENSG00000166803,-0.155334353,0.829703285
ENSG00000175471,0.046924965,0.829711441
ENSG00000166147,-0.105625959,0.82989437
ENSG00000133106,-0.110739573,0.83002204
ENSG00000100596,0.026874509,0.830110114
ENSG00000147133,-0.028795466,0.830122908
ENSG00000122126,-0.05553942,0.830190328
ENSG00000121858,-0.072044025,0.830271369
ENSG00000171033,0.070680418,0.830372881
ENSG00000115419,0.028543239,0.830427961
ENSG00000136504,-0.021247446,0.830519906
ENSG00000168806,0.046240781,0.830642792
ENSG00000175324,0.056606936,0.830743442
ENSG00000053254,0.021706139,0.830748385
ENSG00000081307,0.033238883,0.830836928
ENSG00000168175,-0.022381263,0.830865489
ENSG00000136478,-0.029196088,0.830898488
ENSG00000113141,-0.030609171,0.830996809
ENSG00000178752,0.087909337,0.83104894
ENSG00000128833,-0.105493817,0.831069326
ENSG00000100030,-0.036051557,0.831109429
ENSG00000086200,0.031174437,0.831119209
ENSG00000025796,-0.033417249,0.831123105
ENSG00000157216,0.060672395,0.831126087
ENSG00000005243,0.108699359,0.831176284
ENSG00000206052,-0.098133756,0.831319847
ENSG00000181350,-0.058279835,0.831335452
ENSG00000185946,-0.0261354,0.831379498
ENSG00000159692,-0.025496584,0.831429579
ENSG00000116489,-0.038509465,0.831510314
ENSG00000135801,-0.032574508,0.831528597
ENSG00000165516,-0.028812811,0.831575242
ENSG00000198860,0.040798975,0.831653281
ENSG00000272333,-0.055250572,0.831688053
ENSG00000058799,-0.045576284,0.831800186
ENSG00000166164,0.024473578,0.831821609
ENSG00000054793,-0.086057553,0.831915266
ENSG00000186815,0.048734343,0.83195174
ENSG00000163694,-0.075280533,0.832004119
ENSG00000214300,-0.068170767,0.832112287
ENSG00000092148,0.019554348,0.83221402
ENSG00000265681,0.103314089,0.83221515
ENSG00000178035,0.039114882,0.832257241
ENSG00000115966,0.023897296,0.832274811
ENSG00000103356,-0.035847243,0.832311147
ENSG00000185900,-0.02967891,0.83245009
ENSG00000134278,-0.054462124,0.832455753
ENSG00000232810,0.051166552,0.832519803
ENSG00000125170,-0.080195954,0.83252623
ENSG00000102575,-0.07933651,0.832545067
ENSG00000158941,-0.023723419,0.83255902
ENSG00000122545,-0.028285063,0.832560847
ENSG00000131016,-0.080597448,0.832610082
ENSG00000126262,-0.09183563,0.832679329
ENSG00000213759,-0.131626051,0.832736653
ENSG00000110514,-0.032190522,0.832738721
ENSG00000055483,0.049575642,0.832741366
ENSG00000105618,-0.029755354,0.832817562
ENSG00000026103,0.035289298,0.832852737
ENSG00000135720,-0.017523492,0.832915508
ENSG00000198826,0.085594845,0.832951251
ENSG00000115207,0.02141226,0.832962233
ENSG00000061918,-0.086204828,0.8330837
ENSG00000023902,-0.037861837,0.833180957
ENSG00000146733,-0.060250975,0.833190574
ENSG00000143382,-0.083275089,0.833212196
ENSG00000155545,0.041298365,0.833216369
ENSG00000248333,-0.028395254,0.833276687
ENSG00000116406,0.025939014,0.833374387
ENSG00000163644,0.034195334,0.833437393
ENSG00000119711,0.04328423,0.833438796
ENSG00000137411,-0.041319531,0.833460105
ENSG00000171703,-0.045381704,0.833522328
ENSG00000176225,-0.040131104,0.833548294
ENSG00000146373,0.049927591,0.833556961
ENSG00000282246,0.200155045,0.833587743
ENSG00000139436,0.031761717,0.833747263
ENSG00000103494,-0.053890098,0.833791871
ENSG00000112977,-0.054603926,0.833801224
ENSG00000132256,-0.05349689,0.833844618
ENSG00000254995,0.074930583,0.833862804
ENSG00000116544,0.119706909,0.833932821
ENSG00000115998,0.028818995,0.833940828
ENSG00000270629,-0.040334172,0.833940983
ENSG00000160932,-0.079463596,0.83394911
ENSG00000103932,-0.040102017,0.834123782
ENSG00000136628,0.034665147,0.834178607
ENSG00000073614,0.021733265,0.834192326
ENSG00000154822,-0.037900975,0.83425667
ENSG00000166908,-0.024282374,0.834308202
ENSG00000185933,-0.113221934,0.834447102
ENSG00000132718,-0.050234791,0.834461767
ENSG00000124357,0.053252222,0.834510487
ENSG00000187566,0.115348677,0.834537056
ENSG00000169696,-0.046179601,0.834555244
ENSG00000072736,0.031429391,0.834568139
ENSG00000141404,-0.051095624,0.834669139
ENSG00000157193,0.040742217,0.834831507
ENSG00000163933,-0.027512924,0.83487494
ENSG00000167670,-0.035896359,0.834907566
ENSG00000171462,0.11588589,0.834922085
ENSG00000171824,0.025890859,0.834981361
ENSG00000182004,-0.060491946,0.835051189
ENSG00000005513,-0.1544418,0.835082765
ENSG00000170180,0.116155593,0.835188817
ENSG00000285171,0.170293162,0.835215206
ENSG00000160223,0.109116048,0.835277898
ENSG00000149292,-0.04616918,0.835344885
ENSG00000123472,0.035502339,0.835356857
ENSG00000213619,-0.035587085,0.835470007
ENSG00000006744,-0.029822281,0.835502176
ENSG00000164611,0.083487865,0.835532376
ENSG00000136819,-0.127815775,0.835607213
ENSG00000047644,-0.056113393,0.835632643
ENSG00000133704,-0.01774146,0.835815252
ENSG00000153317,-0.065957186,0.835826802
ENSG00000100300,-0.049989705,0.835918252
ENSG00000180914,-0.117442588,0.83609793
ENSG00000083817,0.061868444,0.836197329
ENSG00000272398,0.10796213,0.836245199
ENSG00000106018,-0.150068168,0.836289466
ENSG00000121749,0.027803565,0.836330154
ENSG00000185666,-0.123210678,0.836414923
ENSG00000136295,0.058860334,0.836432932
ENSG00000166562,-0.06945535,0.836479975
ENSG00000126861,0.056413822,0.836504766
ENSG00000023041,0.022829311,0.836579828
ENSG00000180155,-0.100995834,0.836691417
ENSG00000244731,-0.121982292,0.836764832
ENSG00000120314,-0.019741679,0.836771091
ENSG00000215041,0.028638696,0.836798236
ENSG00000214376,0.10324532,0.836812626
ENSG00000075336,-0.04513279,0.836818543
ENSG00000048740,-0.028519949,0.83685884
ENSG00000108443,-0.017006352,0.836864585
ENSG00000117877,-0.108100865,0.836953441
ENSG00000007264,-0.076350602,0.836977543
ENSG00000147649,0.024443734,0.836977663
ENSG00000124813,-0.037924268,0.83710231
ENSG00000107957,-0.071366597,0.837221036
ENSG00000122550,0.034155701,0.837272838
ENSG00000146535,-0.069753453,0.837298869
ENSG00000115718,-0.101975053,0.837333794
ENSG00000080007,0.155122619,0.837341924
ENSG00000119231,-0.01696786,0.837356481
ENSG00000103966,0.02934345,0.837379921
ENSG00000172732,0.036646942,0.837392835
ENSG00000145919,-0.044557206,0.837454093
ENSG00000163513,0.032675432,0.837457293
ENSG00000259332,-0.092126637,0.837759857
ENSG00000180957,-0.032538068,0.837823399
ENSG00000071246,-0.052552103,0.837837582
ENSG00000177030,-0.035695888,0.83784271
ENSG00000134108,0.020585443,0.837901148
ENSG00000141971,0.038410664,0.837931341
ENSG00000121957,-0.037841002,0.838035721
ENSG00000104783,0.073143871,0.838093398
ENSG00000172058,-0.198264577,0.838270104
ENSG00000186001,-0.031985347,0.838359483
ENSG00000185670,0.033768032,0.83844031
ENSG00000087191,0.032525339,0.83846999
ENSG00000142002,-0.029583044,0.838634024
ENSG00000024048,-0.047667353,0.838665016
ENSG00000111678,0.064338713,0.838708482
ENSG00000176927,-0.106041858,0.838751959
ENSG00000146386,-0.052099186,0.838779938
ENSG00000143162,-0.088779506,0.838808411
ENSG00000154114,-0.070296846,0.838855601
ENSG00000108854,0.025222428,0.838859386
ENSG00000162244,0.043951928,0.838871838
ENSG00000101898,-0.124045465,0.838880585
ENSG00000258311,0.046590419,0.83895066
ENSG00000005436,0.03428215,0.83902508
ENSG00000038274,0.031238159,0.839043027
ENSG00000162931,-0.043539566,0.839156065
ENSG00000134882,0.019665332,0.839173018
ENSG00000105372,0.05471582,0.839235629
ENSG00000149639,0.069229637,0.839252565
ENSG00000261884,-0.036519625,0.839363612
ENSG00000127947,0.041302995,0.839491657
ENSG00000173041,0.050054216,0.839493936
ENSG00000117505,0.022832799,0.839519197
ENSG00000187147,0.022663236,0.839567776
ENSG00000162385,0.053260487,0.839594621
ENSG00000153827,-0.047022157,0.839620857
ENSG00000136709,0.020805099,0.839634391
ENSG00000142937,0.06336189,0.8396584
ENSG00000083454,-0.076154687,0.839710494
ENSG00000161547,0.026012488,0.839748329
ENSG00000136153,0.053743346,0.839830709
ENSG00000118508,0.052743268,0.839849143
ENSG00000061938,-0.040815576,0.839865627
ENSG00000026652,0.061999636,0.839892862
ENSG00000136159,-0.041359035,0.840033134
ENSG00000054267,0.02394048,0.840151091
ENSG00000082641,-0.019700642,0.840177887
ENSG00000109111,-0.030591346,0.840204002
ENSG00000100418,-0.031546781,0.840216468
ENSG00000106012,0.044235924,0.840235649
ENSG00000155096,-0.026491255,0.840248014
ENSG00000141569,0.034486789,0.840253256
ENSG00000083845,0.054106553,0.840288938
ENSG00000187116,-0.068005607,0.840314171
ENSG00000120262,-0.087243707,0.840318887
ENSG00000179335,0.031698418,0.840342719
ENSG00000026297,-0.068352169,0.840462545
ENSG00000121104,-0.084679988,0.840525229
ENSG00000115085,-0.054467633,0.840586385
ENSG00000168661,0.060766073,0.840596031
ENSG00000140006,-0.059010459,0.840639589
ENSG00000149428,0.038594736,0.840773682
ENSG00000274997,0.117775611,0.840949896
ENSG00000128908,0.022862485,0.840962376
ENSG00000245680,-0.038160998,0.840982065
ENSG00000175130,0.055541235,0.841013439
ENSG00000120215,-0.051581337,0.841032064
ENSG00000187051,-0.027036665,0.841041182
ENSG00000166436,-0.061037568,0.841214796
ENSG00000170128,0.156977416,0.841220053
ENSG00000180488,0.033249819,0.841227577
ENSG00000265241,-0.028715424,0.841356527
ENSG00000182400,-0.027090287,0.841375792
ENSG00000198816,0.070331209,0.841385362
ENSG00000133119,-0.041706416,0.841397273
ENSG00000183837,-0.114779149,0.841455302
ENSG00000166913,0.01733257,0.841493846
ENSG00000052749,-0.070300831,0.841516046
ENSG00000066230,0.058650457,0.84160808
ENSG00000166170,0.020857536,0.841642968
ENSG00000050130,0.027380196,0.84168948
ENSG00000133816,-0.091917139,0.841694716
ENSG00000095932,-0.129501497,0.841728361
ENSG00000165752,0.046824689,0.841928816
ENSG00000047597,-0.148590949,0.842086447
ENSG00000101417,-0.034228334,0.84231573
ENSG00000186432,0.023048551,0.842400348
ENSG00000066926,-0.159874786,0.842403257
ENSG00000100095,0.114448636,0.842522462
ENSG00000128891,-0.033721762,0.842536862
ENSG00000169599,0.050774243,0.842602817
ENSG00000143390,-0.027495019,0.842666785
ENSG00000083444,-0.04781377,0.8427091
ENSG00000163803,-0.113260781,0.842825607
ENSG00000165389,-0.043182933,0.842827085
ENSG00000169184,0.139475393,0.842840882
ENSG00000100632,-0.048779172,0.842841815
ENSG00000177697,-0.039833031,0.842850035
ENSG00000182208,0.030549962,0.842854518
ENSG00000153250,-0.021300796,0.842891913
ENSG00000172794,0.026765392,0.843097676
ENSG00000272916,-0.059559735,0.843099321
ENSG00000167967,-0.027735784,0.843160053
ENSG00000183978,-0.045816949,0.843208475
ENSG00000068831,-0.023697704,0.843228614
ENSG00000113494,0.070233503,0.843247044
ENSG00000171621,0.069876099,0.843307318
ENSG00000198604,0.039802537,0.843383237
ENSG00000267796,-0.039116588,0.843492079
ENSG00000135622,-0.050608933,0.843593244
ENSG00000163882,-0.038885456,0.843660257
ENSG00000178665,0.083351918,0.843666924
ENSG00000158481,0.064958178,0.843741761
ENSG00000107937,0.035419341,0.843861818
ENSG00000178999,-0.134058007,0.843886284
ENSG00000188878,0.045693326,0.8439129
ENSG00000169379,0.037526543,0.843963163
ENSG00000168374,-0.025290075,0.84407838
ENSG00000227507,0.054443656,0.84420053
ENSG00000068438,-0.035796891,0.84425633
ENSG00000175764,0.053784552,0.844273595
ENSG00000174099,-0.072932505,0.844302867
ENSG00000176248,0.029880654,0.844448667
ENSG00000197208,-0.085273206,0.844562083
ENSG00000100591,0.032189373,0.844665301
ENSG00000101298,0.041750621,0.844713132
ENSG00000107331,-0.061134494,0.844770896
ENSG00000166452,0.042739046,0.84480633
ENSG00000007038,-0.139481449,0.84493306
ENSG00000133884,-0.024033531,0.844942318
ENSG00000119725,0.024327326,0.844973026
ENSG00000154328,0.04924512,0.844976358
ENSG00000135587,0.032448787,0.844995036
ENSG00000105298,0.031696962,0.845040841
ENSG00000164236,-0.059430651,0.845046749
ENSG00000106080,-0.073092769,0.845073637
ENSG00000137509,-0.037380443,0.845121024
ENSG00000104626,0.037039192,0.845258498
ENSG00000120708,-0.044962635,0.845278128
ENSG00000112697,-0.026086094,0.845362671
ENSG00000123395,0.035699396,0.845410715
ENSG00000104814,-0.039929461,0.845450187
ENSG00000180817,-0.054982187,0.845453324
ENSG00000198673,0.051461491,0.84552469
ENSG00000249992,-0.161952239,0.84555403
ENSG00000177125,0.044098767,0.845566194
ENSG00000163812,-0.032894869,0.845628059
ENSG00000197548,-0.033878784,0.845700263
ENSG00000282988,-0.045143921,0.845726547
ENSG00000133111,-0.048120395,0.845754384
ENSG00000135951,-0.063755652,0.845865707
ENSG00000147912,0.054277288,0.845929886
ENSG00000184677,0.031129636,0.845941439
ENSG00000140691,-0.046842104,0.845959953
ENSG00000106443,0.03108569,0.845988972
ENSG00000204569,0.026015676,0.846049996
ENSG00000086598,0.033052469,0.846136339
ENSG00000186063,0.052410622,0.846143857
ENSG00000167880,-0.122626889,0.846194803
ENSG00000083535,0.042399091,0.846282875
ENSG00000105889,-0.074219913,0.846321708
ENSG00000188761,-0.076237741,0.84643054
ENSG00000113597,-0.023648266,0.846459984
ENSG00000136731,-0.028863974,0.846571097
ENSG00000106263,-0.051313259,0.846601347
ENSG00000099991,0.026841183,0.846664795
ENSG00000213190,0.029289766,0.846666335
ENSG00000124588,0.098853554,0.846692243
ENSG00000138621,-0.045330037,0.846697913
ENSG00000133104,-0.048342887,0.846714629
ENSG00000168273,0.043079503,0.846730967
ENSG00000170448,-0.08068118,0.846761907
ENSG00000163001,0.03742959,0.846910879
ENSG00000160888,0.033566384,0.846963873
ENSG00000132932,0.093456197,0.846994038
ENSG00000157349,-0.032383371,0.846999129
ENSG00000064886,-0.048153575,0.847007101
ENSG00000141030,-0.052735777,0.847035154
ENSG00000081791,-0.018846799,0.847124308
ENSG00000116852,-0.029794136,0.847352169
ENSG00000105671,-0.028855531,0.847361997
ENSG00000067048,-0.021368408,0.847396978
ENSG00000185669,-0.029820812,0.847455469
ENSG00000133069,-0.121939697,0.847527775
ENSG00000184154,0.036940291,0.847539866
ENSG00000101400,-0.07174072,0.84755305
ENSG00000070770,0.030906273,0.847630033
ENSG00000164144,-0.045864191,0.847648335
ENSG00000183734,-0.058045986,0.847679712
ENSG00000204435,-0.021785908,0.847726572
ENSG00000133393,-0.0459472,0.847746501
ENSG00000182827,-0.021152573,0.847887043
ENSG00000125510,0.05995035,0.848011398
ENSG00000094975,0.027132124,0.848042033
ENSG00000164070,-0.069175785,0.848070495
ENSG00000013561,-0.083231212,0.848090073
ENSG00000164252,0.022762322,0.84819383
ENSG00000132623,-0.050386869,0.848201404
ENSG00000123191,0.074346775,0.84824795
ENSG00000081087,-0.027501851,0.848264183
ENSG00000153563,-0.077794519,0.848323973
ENSG00000100412,0.026011181,0.848333271
ENSG00000277481,-0.127127638,0.848340792
ENSG00000274290,0.065408356,0.848362108
ENSG00000109099,0.15649395,0.848391483
ENSG00000165915,0.027765298,0.848417739
ENSG00000131115,0.027618547,0.848456743
ENSG00000196220,0.106178161,0.848491764
ENSG00000198830,0.021831155,0.848527138
ENSG00000151239,-0.036287778,0.848597157
ENSG00000156735,0.021583333,0.848605327
ENSG00000277117,-0.084509279,0.848630668
ENSG00000204525,0.169800989,0.84865713
ENSG00000135476,-0.093990197,0.848715283
ENSG00000158882,0.037018334,0.848785528
ENSG00000102898,-0.029248457,0.848910177
ENSG00000197461,-0.075603675,0.84893753
ENSG00000237988,-0.158359708,0.849028969
ENSG00000270106,0.21890152,0.849098211
ENSG00000050628,-0.128282609,0.849135015
ENSG00000170471,0.020564663,0.849156341
ENSG00000109065,-0.02795844,0.84915661
ENSG00000114166,0.08039997,0.849214437
ENSG00000137414,-0.045291599,0.849219839
ENSG00000145041,0.030964857,0.849268333
ENSG00000179455,0.150375956,0.84928758
ENSG00000010671,-0.040211918,0.84936104
ENSG00000067221,0.038928919,0.84946392
ENSG00000169762,-0.02467263,0.849500034
ENSG00000180776,-0.026509518,0.849506631
ENSG00000148606,-0.029198323,0.849523084
ENSG00000160539,-0.102622329,0.849569394
ENSG00000103426,0.333273186,0.849577668
ENSG00000100902,-0.04762682,0.849582221
ENSG00000269713,-0.059574333,0.849589425
ENSG00000284773,-0.054167745,0.849707972
ENSG00000213614,-0.021618744,0.84974219
ENSG00000270316,-0.227702855,0.849782573
ENSG00000043093,-0.062740101,0.849878944
ENSG00000214706,-0.056703002,0.849916631
ENSG00000169895,-0.029068575,0.849968576
ENSG00000104522,-0.108254946,0.850069773
ENSG00000142507,-0.033693985,0.850295018
ENSG00000186660,0.014778513,0.850367668
ENSG00000125351,-0.048794447,0.850399146
ENSG00000135404,-0.031230132,0.850426731
ENSG00000117602,0.079744887,0.850529351
ENSG00000119326,-0.112248469,0.850599027
ENSG00000123384,0.08011794,0.850641632
ENSG00000032219,0.027185828,0.850681439
ENSG00000120992,-0.027055271,0.850689997
ENSG00000182944,-0.01450707,0.850742883
ENSG00000141012,-0.041769175,0.850752603
ENSG00000172578,0.044500692,0.850813003
ENSG00000169871,0.023930738,0.850938889
ENSG00000157954,-0.050823507,0.851075844
ENSG00000105371,-0.07707075,0.851103261
ENSG00000008323,0.063511582,0.851184315
ENSG00000131471,-0.084033247,0.851317751
ENSG00000186818,-0.05249246,0.85136901
ENSG00000237693,0.088320854,0.851526055
ENSG00000140391,-0.037431825,0.8515778
ENSG00000138756,-0.052593151,0.851597419
ENSG00000167550,-0.084812696,0.85162175
ENSG00000158092,0.028084481,0.851687032
ENSG00000154727,0.022662457,0.851755555
ENSG00000145354,0.087025116,0.851797734
ENSG00000097033,0.027115447,0.851898942
ENSG00000101457,0.046730947,0.85192947
ENSG00000089289,0.029994227,0.851946014
ENSG00000108094,0.022832054,0.851998689
ENSG00000164867,0.093708737,0.85199967
ENSG00000173264,-0.031352455,0.852017336
ENSG00000075426,-0.043294387,0.852089896
ENSG00000160961,-0.030989611,0.852171665
ENSG00000181481,0.033114987,0.852174044
ENSG00000137285,-0.269133878,0.852174517
ENSG00000109572,-0.029133575,0.852199065
ENSG00000184007,-0.022282537,0.852222175
ENSG00000172809,-0.039198797,0.852275319
ENSG00000103415,-0.024388138,0.852277174
ENSG00000089053,0.01916224,0.852379447
ENSG00000100949,-0.028402019,0.852425288
ENSG00000181019,-0.049687542,0.85250607
ENSG00000087237,-0.062438067,0.852518711
ENSG00000022556,0.09854658,0.852603199
ENSG00000020129,0.035680717,0.85274645
ENSG00000169814,-0.02427965,0.852751886
ENSG00000166343,0.047232155,0.852752726
ENSG00000167261,-0.057314164,0.852783856
ENSG00000156113,0.122048683,0.852809559
ENSG00000105355,-0.05388128,0.852828029
ENSG00000162594,0.134178789,0.852867041
ENSG00000125691,-0.074108767,0.852989292
ENSG00000151414,0.029697641,0.853040302
ENSG00000144815,0.022505063,0.853144643
ENSG00000143416,-0.131208548,0.853158859
ENSG00000052795,-0.03207833,0.853164558
ENSG00000248099,-0.112452809,0.853269175
ENSG00000273559,-0.026205427,0.853275431
ENSG00000125826,-0.039323102,0.853275701
ENSG00000139531,-0.047516492,0.85328197
ENSG00000128928,0.030155547,0.853426068
ENSG00000158769,-0.048738898,0.853429941
ENSG00000196214,0.033131019,0.853469234
ENSG00000180398,0.018391601,0.853509824
ENSG00000167074,0.037781454,0.853561317
ENSG00000144115,-0.23892619,0.853573657
ENSG00000242419,0.136614885,0.853580496
ENSG00000011590,-0.061937533,0.853802098
ENSG00000138430,0.035040348,0.853860581
ENSG00000152056,0.059535946,0.853884541
ENSG00000198836,0.029298639,0.85390452
ENSG00000090971,0.089393006,0.853960746
ENSG00000197857,-0.027228785,0.854043639
ENSG00000105677,0.040168683,0.854099359
ENSG00000178685,-0.042340995,0.854157745
ENSG00000226124,0.070072811,0.854217263
ENSG00000103254,0.046639617,0.854371225
ENSG00000132514,0.053437605,0.854432574
ENSG00000061794,0.042866271,0.854491733
ENSG00000176533,0.066618724,0.854494367
ENSG00000102760,0.067410542,0.854556734
ENSG00000154814,-0.03880061,0.854732003
ENSG00000137642,-0.062035476,0.854824118
ENSG00000006634,0.046523806,0.854867573
ENSG00000145592,0.04496628,0.854877661
ENSG00000108963,-0.036802246,0.85489861
ENSG00000143363,-0.028306013,0.854969561
ENSG00000107362,0.024823414,0.855072511
ENSG00000050030,-0.125039485,0.855128726
ENSG00000146215,-0.085524008,0.855148277
ENSG00000175550,0.042927839,0.855180929
ENSG00000148680,0.086466359,0.855267886
ENSG00000039068,0.07259956,0.855308186
ENSG00000065989,0.076488615,0.855397492
ENSG00000103148,-0.10909112,0.855424932
ENSG00000115042,0.04002015,0.855471005
ENSG00000175376,0.021464302,0.855528486
ENSG00000233927,-0.040834792,0.855554464
ENSG00000163823,-0.062854581,0.855632854
ENSG00000138688,0.028297744,0.855716279
ENSG00000125901,-0.038607629,0.855840512
ENSG00000164099,0.051810099,0.855933329
ENSG00000110063,-0.03275604,0.855942035
ENSG00000257923,-0.035729306,0.855942259
ENSG00000177706,-0.06439055,0.85596475
ENSG00000164576,0.018756283,0.856082711
ENSG00000167863,-0.039681386,0.856149217
ENSG00000097046,0.050634192,0.856158594
ENSG00000144381,0.03005985,0.856167412
ENSG00000198821,-0.054297205,0.856307112
ENSG00000214655,-0.034060904,0.856368959
ENSG00000139974,0.040071884,0.856430451
ENSG00000185090,-0.066372083,0.856542941
ENSG00000232838,0.053267017,0.856550485
ENSG00000149577,-0.052857363,0.856565291
ENSG00000080854,0.077215808,0.856596538
ENSG00000176092,0.079975325,0.856634742
ENSG00000184144,-0.070285826,0.856639574
ENSG00000047346,0.028735257,0.856729785
ENSG00000107651,-0.017292224,0.856732987
ENSG00000042493,-0.05045893,0.856893888
ENSG00000065457,0.019698542,0.856941164
ENSG00000186522,0.082597088,0.856974052
ENSG00000133398,0.038578096,0.856983836
ENSG00000106603,-0.025666028,0.857090416
ENSG00000183255,-0.033190332,0.85710817
ENSG00000134982,0.025811094,0.857116728
ENSG00000184545,-0.065785731,0.857128407
ENSG00000135486,0.034549603,0.857171629
ENSG00000213281,-0.022087587,0.857205366
ENSG00000067167,0.027909861,0.857225691
ENSG00000182768,-0.022317992,0.857227705
ENSG00000275395,-0.081847733,0.857254686
ENSG00000131149,-0.035885572,0.857261335
ENSG00000111667,0.029133266,0.857265057
ENSG00000171962,-0.046752495,0.857319464
ENSG00000187164,-0.056793194,0.857327556
ENSG00000005302,0.0275435,0.857340464
ENSG00000144524,0.03068144,0.857480831
ENSG00000186834,-0.027666872,0.857491947
ENSG00000188613,0.046640089,0.857555406
ENSG00000184117,0.027798023,0.857556862
ENSG00000167978,0.0671914,0.857603443
ENSG00000183813,0.045006711,0.857613255
ENSG00000152213,-0.0530124,0.857665244
ENSG00000196597,0.035272076,0.857713757
ENSG00000136830,0.051983227,0.857866048
ENSG00000004142,-0.026388003,0.857934914
ENSG00000160746,0.040543792,0.857952496
ENSG00000237765,0.04012368,0.858067415
ENSG00000164970,0.030261333,0.858074653
ENSG00000111837,0.079206934,0.858107038
ENSG00000123908,0.051667614,0.858114785
ENSG00000001631,-0.030007789,0.858169191
ENSG00000070831,-0.031895496,0.858183263
ENSG00000154358,0.077711686,0.858198997
ENSG00000066654,0.029307474,0.858273484
ENSG00000123810,0.051793108,0.858313424
ENSG00000196458,0.039194256,0.858469093
ENSG00000049089,-0.086487381,0.858487471
ENSG00000089692,-0.085282729,0.858491721
ENSG00000163161,-0.02385656,0.85850746
ENSG00000173674,-0.033859901,0.858539935
ENSG00000167595,0.052466908,0.858553707
ENSG00000062582,-0.042625833,0.858588125
ENSG00000198840,-0.033019349,0.858617325
ENSG00000204104,0.047157604,0.858634797
ENSG00000152689,0.043120937,0.858677586
ENSG00000049860,-0.022411898,0.858690715
ENSG00000174652,-0.031771982,0.858945678
ENSG00000284308,-0.08162929,0.85896687
ENSG00000158195,-0.052487232,0.859172809
ENSG00000187514,0.038771259,0.859205416
ENSG00000159267,-0.046387296,0.859272805
ENSG00000183773,-0.056545448,0.859383492
ENSG00000162734,-0.025285009,0.859407878
ENSG00000089876,-0.048119375,0.859408273
ENSG00000113583,0.027999999,0.859410395
ENSG00000169026,-0.069655215,0.859426278
ENSG00000198959,0.109123707,0.859497346
ENSG00000138395,0.192220141,0.859542769
ENSG00000083223,-0.03711758,0.859544369
ENSG00000117298,-0.058646943,0.859559411
ENSG00000244693,0.20779586,0.859605644
ENSG00000173917,0.065801893,0.859658748
ENSG00000151779,0.021451605,0.859697705
ENSG00000131018,0.061805881,0.859765289
ENSG00000196911,0.04808618,0.859766421
ENSG00000147586,-0.055915258,0.859857249
ENSG00000182606,0.020859374,0.859912394
ENSG00000172007,0.034980565,0.859917226
ENSG00000136003,-0.040570515,0.860025368
ENSG00000172780,-0.062647198,0.860069103
ENSG00000124614,0.058114556,0.860103581
ENSG00000167037,-0.071380699,0.860136424
ENSG00000276234,-0.027853027,0.860162267
ENSG00000172493,0.041561446,0.86019142
ENSG00000204228,-0.055351207,0.860201711
ENSG00000146802,-0.02632443,0.860233883
ENSG00000124356,-0.019594716,0.860294481
ENSG00000003147,-0.06396597,0.860329905
ENSG00000130656,0.209051965,0.860347982
ENSG00000213462,-0.042854538,0.860415641
ENSG00000164683,-0.121405718,0.860686052
ENSG00000158023,0.078675845,0.860724981
ENSG00000100285,-0.065662174,0.860803557
ENSG00000196074,-0.05598052,0.860845581
ENSG00000177600,0.034940873,0.860883469
ENSG00000104998,0.025858859,0.860960336
ENSG00000161202,-0.031161406,0.861112855
ENSG00000166734,0.020483793,0.861115321
ENSG00000121039,-0.040219384,0.861179812
ENSG00000167182,0.064548743,0.861261641
ENSG00000266412,0.083163324,0.861277444
ENSG00000115993,-0.081246949,0.861305863
ENSG00000176920,-0.072612599,0.861330044
ENSG00000132507,0.034265289,0.861358559
ENSG00000112218,0.105501695,0.861473633
ENSG00000060642,0.023597686,0.861597164
ENSG00000197951,0.031547072,0.861606492
ENSG00000142534,-0.03886448,0.861694645
ENSG00000122203,0.025030589,0.861697293
ENSG00000163328,0.037083159,0.86180312
ENSG00000170871,-0.037722935,0.861813708
ENSG00000064102,-0.035143808,0.861818512
ENSG00000125869,-0.08787187,0.861863525
ENSG00000104133,0.021861928,0.861936595
ENSG00000144711,0.04068597,0.862030846
ENSG00000278311,0.015957537,0.862163389
ENSG00000213999,-0.162038666,0.862330449
ENSG00000164411,-0.075783506,0.862410811
ENSG00000005700,0.022738101,0.862516013
ENSG00000275954,-0.210899798,0.862532739
ENSG00000134333,-0.026834013,0.86257454
ENSG00000100359,-0.026579958,0.862589306
ENSG00000197728,-0.109468223,0.862622138
ENSG00000214530,0.061074025,0.86262343
ENSG00000138119,0.050563737,0.862702508
ENSG00000069399,-0.070502559,0.862704364
ENSG00000142039,-0.02611842,0.862787828
ENSG00000167815,0.095486943,0.862836879
ENSG00000179909,0.086484473,0.862865023
ENSG00000147905,0.026210709,0.8630117
ENSG00000172795,0.027856019,0.863014137
ENSG00000165714,0.037006858,0.863040039
ENSG00000198393,0.022585408,0.86306049
ENSG00000151014,0.044647452,0.863077861
ENSG00000160284,0.080393697,0.863096755
ENSG00000086232,-0.081210719,0.863111172
ENSG00000154945,0.025497557,0.863142859
ENSG00000143669,-0.048306063,0.863156472
ENSG00000133048,-0.115942115,0.863179038
ENSG00000133193,-0.083537241,0.863214097
ENSG00000188868,0.06451428,0.863293123
ENSG00000198874,-0.026813103,0.863311951
ENSG00000177576,-0.02685687,0.863349404
ENSG00000188322,0.054508297,0.863374037
ENSG00000168264,-0.018277498,0.863374049
ENSG00000278129,-0.029807165,0.863441793
ENSG00000176953,0.026806176,0.863486709
ENSG00000089041,-0.030232498,0.863502884
ENSG00000166848,0.049538792,0.863581856
ENSG00000164209,0.0251333,0.863595971
ENSG00000168781,0.044150747,0.863716192
ENSG00000197044,0.053163421,0.863780518
ENSG00000008086,-0.040962257,0.863786099
ENSG00000152270,-0.032323082,0.863819822
ENSG00000114520,0.03846499,0.86386554
ENSG00000072952,0.070495491,0.863896386
ENSG00000088280,0.084816088,0.863930677
ENSG00000103942,-0.029888043,0.863998627
ENSG00000065717,0.103899443,0.864014274
ENSG00000187109,0.02667296,0.864119362
ENSG00000110700,-0.047285105,0.864218235
ENSG00000007968,-0.09635016,0.86425253
ENSG00000176182,-0.042247086,0.864288151
ENSG00000155265,0.05092353,0.864309388
ENSG00000243317,0.05740347,0.864390456
ENSG00000089157,0.046100157,0.864404474
ENSG00000111331,-0.107528147,0.864426437
ENSG00000170837,-0.081365919,0.864471143
ENSG00000167775,-0.070449746,0.864591261
ENSG00000174579,0.015836485,0.864608325
ENSG00000134779,0.061623971,0.86468148
ENSG00000127603,0.038226448,0.864696193
ENSG00000179981,0.031853372,0.864713261
ENSG00000136895,0.071699525,0.864857122
ENSG00000137200,0.03508295,0.864883855
ENSG00000196531,0.033934183,0.864901981
ENSG00000204366,0.071879909,0.864938464
ENSG00000160767,0.05195761,0.864977923
ENSG00000075945,0.034045541,0.864987094
ENSG00000144026,0.031828048,0.864989702
ENSG00000085511,0.028207977,0.865021243
ENSG00000166710,-0.041118105,0.865025451
ENSG00000103194,0.032076789,0.865063248
ENSG00000167543,-0.037233112,0.865067157
ENSG00000130035,0.108870402,0.865115541
ENSG00000173473,0.015031489,0.865169539
ENSG00000146842,-0.024144856,0.865196552
ENSG00000059145,-0.041065814,0.86521134
ENSG00000183508,-0.120062724,0.865267328
ENSG00000108479,-0.039944664,0.865273675
ENSG00000109534,-0.05140169,0.86535815
ENSG00000156508,0.044630475,0.865391563
ENSG00000169230,-0.030274298,0.865430686
ENSG00000100139,-0.022539099,0.865545831
ENSG00000160908,0.01884798,0.865553713
ENSG00000102974,-0.011857765,0.865604564
ENSG00000196159,-0.108177972,0.865630514
ENSG00000111452,-0.060014201,0.865636126
ENSG00000151491,0.074750435,0.865708161
ENSG00000198933,-0.039862581,0.865720171
ENSG00000115828,-0.075974868,0.865751168
ENSG00000148450,-0.048618478,0.865806125
ENSG00000161956,-0.023501404,0.865832625
ENSG00000161057,0.033060758,0.865835803
ENSG00000133063,-0.10242177,0.865844759
ENSG00000163393,-0.049558483,0.865855589
ENSG00000179262,-0.077791812,0.865875553
ENSG00000108829,-0.020526806,0.865929424
ENSG00000138385,0.044376198,0.865946652
ENSG00000148926,-0.083174652,0.866013778
ENSG00000152944,0.021142732,0.866132882
ENSG00000241945,0.11502101,0.866189165
ENSG00000101425,-0.133325757,0.866212352
ENSG00000151914,-0.049084006,0.86621409
ENSG00000144867,-0.03335524,0.866302406
ENSG00000133460,-0.035994551,0.866456634
ENSG00000162676,0.07525157,0.8666159
ENSG00000048052,-0.039415221,0.866760126
ENSG00000213085,-0.069796346,0.866761793
ENSG00000253276,0.036108673,0.866824004
ENSG00000117595,0.141045667,0.866878826
ENSG00000178202,0.039685434,0.866919863
ENSG00000117625,0.027346599,0.866939653
ENSG00000136169,0.023778173,0.867015517
ENSG00000140259,0.026148955,0.86703286
ENSG00000170522,-0.075334643,0.867039763
ENSG00000166889,0.032143114,0.867064164
ENSG00000183060,-0.031417159,0.867069989
ENSG00000152778,0.072718654,0.867138182
ENSG00000124164,0.020951745,0.867441857
ENSG00000137843,-0.119796857,0.867444805
ENSG00000125779,0.023649719,0.867459499
ENSG00000178952,-0.023674251,0.867481919
ENSG00000120210,-0.068796955,0.867503887
ENSG00000172465,-0.057677616,0.867557586
ENSG00000166855,0.02392937,0.867658963
ENSG00000197168,0.057250767,0.86769915
ENSG00000065518,0.029795515,0.867703698
ENSG00000145819,0.04466653,0.867776519
ENSG00000086712,0.022487285,0.867865546
ENSG00000102226,0.026291518,0.867970758
ENSG00000196455,-0.016494844,0.867984084
ENSG00000005187,0.068103673,0.86800093
ENSG00000124641,0.024785847,0.868030542
ENSG00000173145,-0.036016029,0.868260751
ENSG00000171453,-0.028677646,0.868281718
ENSG00000145293,-0.0440226,0.868303518
ENSG00000155508,0.016902065,0.868370154
ENSG00000135090,-0.013983561,0.868399378
ENSG00000165548,-0.108832783,0.868580498
ENSG00000128585,0.021757612,0.868656595
ENSG00000172005,-0.073186844,0.868727455
ENSG00000060491,0.029093608,0.868753816
ENSG00000167468,0.051553706,0.868825254
ENSG00000187555,-0.01899358,0.86895576
ENSG00000164402,0.047433531,0.868962648
ENSG00000146476,0.027640352,0.868971848
ENSG00000008382,-0.035168195,0.868975453
ENSG00000126249,0.069932666,0.868988979
ENSG00000204237,-0.029024434,0.868992557
ENSG00000154957,0.023098981,0.869006763
ENSG00000100577,0.031637192,0.869074388
ENSG00000134250,0.040105788,0.869149037
ENSG00000065135,-0.024590181,0.869164967
ENSG00000129317,-0.026438096,0.869192954
ENSG00000167981,-0.03117199,0.869217974
ENSG00000134460,0.064385654,0.869231295
ENSG00000240303,0.035197349,0.869324092
ENSG00000266086,0.083859871,0.869473078
ENSG00000101574,0.022756293,0.869477795
ENSG00000148672,0.02221144,0.86955119
ENSG00000159618,-0.069962075,0.86959776
ENSG00000151079,0.201801783,0.869615242
ENSG00000138386,0.020197166,0.869707085
ENSG00000132824,-0.021480026,0.86980224
ENSG00000095321,-0.060034231,0.869839496
ENSG00000114030,-0.024460736,0.869865504
ENSG00000100410,-0.044878338,0.869918453
ENSG00000012232,-0.043077344,0.869934416
ENSG00000153214,0.018860879,0.870032497
ENSG00000130312,-0.037160566,0.870037008
ENSG00000173039,0.020888606,0.870052877
ENSG00000138641,-0.028971049,0.87006989
ENSG00000100528,0.026411996,0.870077748
ENSG00000163637,0.119001484,0.870086745
ENSG00000102349,0.045432239,0.870109717
ENSG00000141429,-0.021335207,0.870115794
ENSG00000185630,-0.092175588,0.870217122
ENSG00000196591,0.017062768,0.870313385
ENSG00000100580,-0.02968996,0.870314129
ENSG00000166313,0.032192472,0.870329867
ENSG00000135469,0.039279419,0.870343242
ENSG00000058272,-0.020544081,0.870376932
ENSG00000123066,-0.033461642,0.870387057
ENSG00000059804,-0.051355031,0.870507732
ENSG00000119699,-0.048360062,0.870567699
ENSG00000143393,-0.017634262,0.870633552
ENSG00000276368,-0.158098736,0.870822493
ENSG00000183479,0.085466736,0.870829959
ENSG00000266074,-0.081300571,0.870841977
ENSG00000119383,0.034901625,0.870866827
ENSG00000174326,-0.075592121,0.870900411
ENSG00000188559,-0.03919178,0.87099123
ENSG00000139372,-0.022419217,0.871022292
ENSG00000164124,0.058981843,0.871028747
ENSG00000183426,0.036480924,0.871045436
ENSG00000213246,-0.024197019,0.871057805
ENSG00000186260,0.039949234,0.871076643
ENSG00000163510,-0.023916826,0.871144276
ENSG00000203668,0.041441069,0.87116461
ENSG00000127452,-0.025922194,0.87128597
ENSG00000189057,0.075736899,0.871425399
ENSG00000118482,0.018198838,0.87142775
ENSG00000085063,0.037744195,0.871484082
ENSG00000186496,0.052561275,0.871554163
ENSG00000184005,-0.07038407,0.871564818
ENSG00000087157,-0.049277112,0.871603146
ENSG00000147862,-0.122162586,0.87162071
ENSG00000026751,0.056674764,0.871642547
ENSG00000112701,-0.016200748,0.871680599
ENSG00000187815,-0.03336775,0.871808789
ENSG00000085377,0.02832937,0.871950031
ENSG00000127586,-0.042792821,0.872017333
ENSG00000204767,0.050811703,0.872138208
ENSG00000147684,-0.025059919,0.872162416
ENSG00000165175,0.037171231,0.872172586
ENSG00000162441,0.016450257,0.87217776
ENSG00000105364,-0.030113193,0.872249923
ENSG00000122515,-0.038728584,0.872277095
ENSG00000145860,-0.020992422,0.872410817
ENSG00000204287,0.052125419,0.872440458
ENSG00000204178,0.025756595,0.87247538
ENSG00000254685,0.028462438,0.872546076
ENSG00000169918,0.063352898,0.872598631
ENSG00000100603,-0.018613503,0.872600118
ENSG00000115128,0.041174421,0.872602515
ENSG00000124469,-0.142089468,0.872741642
ENSG00000078081,-0.131391783,0.872824396
ENSG00000172663,-0.029009432,0.872978275
ENSG00000008513,-0.02763932,0.873126442
ENSG00000163898,-0.080637934,0.87312668
ENSG00000175548,0.033869317,0.873130798
ENSG00000182831,-0.032508146,0.873138668
ENSG00000108312,0.017605501,0.873139734
ENSG00000154174,0.027146235,0.873163564
ENSG00000185787,0.02091972,0.873239838
ENSG00000023171,-0.036686591,0.873312986
ENSG00000186352,-0.053976738,0.873330254
ENSG00000172748,0.045793578,0.873438249
ENSG00000196072,0.039226675,0.873484513
ENSG00000137288,-0.03166139,0.873530102
ENSG00000196605,-0.036958127,0.873562631
ENSG00000197933,-0.05700783,0.873621972
ENSG00000135698,0.04341596,0.873706798
ENSG00000214193,0.066406727,0.873832652
ENSG00000160194,-0.019022219,0.873898616
ENSG00000156671,0.026125625,0.873957884
ENSG00000072506,0.030591074,0.874070988
ENSG00000130939,-0.029822725,0.874086624
ENSG00000196236,-0.021713793,0.874151772
ENSG00000197429,-0.029428404,0.874206325
ENSG00000086666,0.021884389,0.87431482
ENSG00000107201,-0.053805158,0.874326784
ENSG00000148429,0.035328231,0.874334068
ENSG00000214787,0.074942274,0.874464978
ENSG00000160058,0.018055517,0.874472565
ENSG00000118894,-0.042907589,0.874538808
ENSG00000175106,-0.058675296,0.874568226
ENSG00000158186,-0.06841946,0.874610555
ENSG00000115652,0.027522625,0.874613538
ENSG00000271425,-0.035335201,0.874629236
ENSG00000163002,0.030597947,0.874660959
ENSG00000101193,0.039711817,0.874663259
ENSG00000142733,0.048298844,0.87470346
ENSG00000198231,-0.016530069,0.874729758
ENSG00000154122,-0.040468557,0.874882743
ENSG00000073910,-0.038655764,0.87494328
ENSG00000102189,-0.021600747,0.874978738
ENSG00000166278,0.077717412,0.874984255
ENSG00000205730,0.030707119,0.875036669
ENSG00000029534,-0.11015634,0.875094241
ENSG00000000457,-0.016644876,0.87518296
ENSG00000278540,-0.027233683,0.875229128
ENSG00000146112,-0.026536082,0.875236362
ENSG00000278588,0.06517716,0.87523998
ENSG00000009307,0.036596838,0.87525444
ENSG00000103423,-0.024268999,0.875259518
ENSG00000134571,-0.079131138,0.875335792
ENSG00000115267,-0.052309542,0.875415404
ENSG00000133812,-0.036983667,0.875424665
ENSG00000110713,-0.036475509,0.875463236
ENSG00000118816,-0.04606982,0.875520622
ENSG00000026950,0.024632455,0.875573714
ENSG00000143569,0.019228274,0.875663659
ENSG00000113368,-0.050039533,0.875669433
ENSG00000132661,-0.041394358,0.875675841
ENSG00000131591,-0.041187674,0.875702318
ENSG00000148498,0.076038704,0.875704844
ENSG00000127540,-0.03598713,0.875723955
ENSG00000184840,-0.023369321,0.875726298
ENSG00000109756,-0.042847266,0.875726968
ENSG00000170571,0.025260649,0.875771653
ENSG00000225921,0.023477986,0.875799948
ENSG00000141161,0.067870257,0.875830548
ENSG00000141425,0.019128286,0.875862541
ENSG00000071909,-0.203169477,0.8759215
ENSG00000142856,-0.036183958,0.875926967
ENSG00000165475,-0.034404023,0.875930376
ENSG00000173175,-0.056662494,0.875966017
ENSG00000012223,-0.13662353,0.876018024
ENSG00000112237,0.034260328,0.876042262
ENSG00000104695,-0.02380957,0.876135472
ENSG00000243811,0.039227429,0.876279042
ENSG00000179598,0.059552856,0.876310733
ENSG00000138411,0.075045181,0.876346199
ENSG00000177535,0.064834863,0.876452771
ENSG00000108309,-0.104395832,0.876526338
ENSG00000002330,-0.032631022,0.876528765
ENSG00000111052,0.054707748,0.876549629
ENSG00000078618,-0.033821183,0.876556495
ENSG00000130119,0.0326671,0.876583508
ENSG00000073536,0.042114963,0.876607802
ENSG00000168026,0.059732169,0.876651269
ENSG00000184182,0.037092164,0.876678155
ENSG00000120800,0.02559902,0.87673774
ENSG00000133065,0.03380525,0.876778445
ENSG00000158079,-0.036915778,0.876800193
ENSG00000136986,0.020616394,0.876816746
ENSG00000166226,-0.033131415,0.876855362
ENSG00000145703,0.022825255,0.876892466
ENSG00000266967,0.037759544,0.876919921
ENSG00000016864,-0.020091135,0.87707538
ENSG00000174944,-0.077156435,0.877079822
ENSG00000271079,-0.231237119,0.877137438
ENSG00000185156,-0.068922211,0.877152633
ENSG00000124151,-0.017023708,0.877216545
ENSG00000146067,-0.030047568,0.877279734
ENSG00000138780,0.035242841,0.877436651
ENSG00000132670,-0.019474415,0.877467364
ENSG00000272414,0.1810745,0.877470394
ENSG00000186765,0.091218103,0.877487893
ENSG00000257103,0.018845307,0.877540965
ENSG00000136371,0.047795722,0.87755149
ENSG00000198692,-0.078226396,0.877698451
ENSG00000112297,0.018017663,0.877795509
ENSG00000160229,-0.043710076,0.877816351
ENSG00000129460,0.031081635,0.877833009
ENSG00000133574,-0.029265945,0.877874798
ENSG00000240849,0.018954681,0.87788878
ENSG00000133943,0.030632051,0.877909513
ENSG00000162688,-0.021703402,0.877949388
ENSG00000120868,0.033673879,0.877973779
ENSG00000129055,-0.030956422,0.878002081
ENSG00000135736,-0.047631973,0.878027389
ENSG00000154736,-0.078889055,0.878193421
ENSG00000155111,-0.03174173,0.878258242
ENSG00000172590,-0.030733954,0.87842344
ENSG00000078114,0.209503273,0.878496642
ENSG00000124596,-0.019818156,0.878542983
ENSG00000214013,0.023126547,0.878568879
ENSG00000112592,0.023756438,0.878643028
ENSG00000128245,0.025453314,0.878643147
ENSG00000106125,-0.094914478,0.878740961
ENSG00000126705,0.042325777,0.878752749
ENSG00000256537,0.032220764,0.878758397
ENSG00000117362,-0.015596729,0.878893105
ENSG00000145833,-0.013360388,0.878918473
ENSG00000110172,-0.021502627,0.878920987
ENSG00000168081,0.065947599,0.878927842
ENSG00000147168,0.020480586,0.878936919
ENSG00000162378,0.03019343,0.878947571
ENSG00000175066,-0.048481388,0.879019757
ENSG00000126216,-0.019949355,0.879106345
ENSG00000163661,-0.070493599,0.879151366
ENSG00000258839,0.055899354,0.879196007
ENSG00000101745,0.020016167,0.879241836
ENSG00000162909,-0.027002763,0.87925711
ENSG00000004766,0.021334761,0.879388964
ENSG00000174469,0.1388043,0.879430414
ENSG00000141994,-0.026875657,0.879443344
ENSG00000163349,0.035294349,0.879546348
ENSG00000137504,0.020406733,0.879576803
ENSG00000131263,-0.018326029,0.879692949
ENSG00000032444,0.025419138,0.879835271
ENSG00000196757,0.019516174,0.879873195
ENSG00000113328,0.028992899,0.879875604
ENSG00000102057,0.084419343,0.879946655
ENSG00000165775,-0.038535814,0.880027568
ENSG00000272325,-0.022841367,0.880109168
ENSG00000121057,0.021749582,0.880126353
ENSG00000196338,-0.055284652,0.880162644
ENSG00000110324,-0.028911419,0.880188374
ENSG00000215717,-0.024323726,0.880379646
ENSG00000241360,0.086086985,0.88044588
ENSG00000148248,-0.017010385,0.880458715
ENSG00000143479,-0.09206016,0.880502606
ENSG00000145022,-0.014724817,0.880598559
ENSG00000163479,-0.023775194,0.880691229
ENSG00000172824,0.056968768,0.880742199
ENSG00000204815,-0.087881006,0.880747919
ENSG00000023330,-0.019914466,0.880797859
ENSG00000170275,0.018365816,0.880912176
ENSG00000107223,0.023495718,0.880926905
ENSG00000153551,0.02100851,0.880933949
ENSG00000125388,-0.044006279,0.881009648
ENSG00000147669,0.069178613,0.881047001
ENSG00000112335,-0.066599228,0.881200343
ENSG00000107611,0.051045461,0.881213621
ENSG00000165801,0.049540331,0.881217746
ENSG00000081760,0.027061861,0.881219529
ENSG00000159958,0.076342209,0.881230882
ENSG00000106028,0.023541592,0.881307209
ENSG00000100294,0.034622734,0.881477894
ENSG00000133422,-0.023971649,0.881740073
ENSG00000115649,-0.059617919,0.881755961
ENSG00000047188,0.023848256,0.881761588
ENSG00000197006,0.043214481,0.881810714
ENSG00000091972,0.078397437,0.881815325
ENSG00000130779,-0.021392069,0.881856206
ENSG00000275023,-0.031991436,0.881861744
ENSG00000205155,0.031926858,0.881867732
ENSG00000136238,-0.025076751,0.881923586
ENSG00000107581,0.014430205,0.881951977
ENSG00000166024,0.016466646,0.881972225
ENSG00000204256,0.01296076,0.881994484
ENSG00000112029,0.042701809,0.882233101
ENSG00000103353,0.023330707,0.882259296
ENSG00000121671,-0.015862465,0.8823455
ENSG00000184381,0.028552978,0.882349871
ENSG00000134215,0.025352096,0.882356876
ENSG00000182473,-0.014443053,0.882532774
ENSG00000175175,0.063671733,0.88267367
ENSG00000167699,0.025057435,0.882701625
ENSG00000100503,-0.02557702,0.882801445
ENSG00000078487,-0.034803605,0.882872637
ENSG00000065183,0.02201047,0.882916149
ENSG00000172428,-0.046988664,0.882989772
ENSG00000115464,0.024036777,0.883004386
ENSG00000105967,0.035263276,0.883099819
ENSG00000197958,-0.0325287,0.883153411
ENSG00000100568,0.043612851,0.883183064
ENSG00000197013,-0.060596503,0.883210961
ENSG00000103994,-0.028382496,0.88321697
ENSG00000198700,-0.020524014,0.883225215
ENSG00000150459,-0.021742301,0.88327333
ENSG00000144746,0.023074931,0.883277301
ENSG00000118961,-0.032952979,0.883338624
ENSG00000128050,0.020656004,0.88346729
ENSG00000108298,0.036935263,0.88350874
ENSG00000154127,-0.034422497,0.883516997
ENSG00000156639,0.032018349,0.88351874
ENSG00000119227,-0.065857933,0.883570499
ENSG00000197863,0.044422359,0.88370021
ENSG00000205309,-0.089618102,0.883741744
ENSG00000183496,0.058102521,0.883753398
ENSG00000160633,-0.016249924,0.883762089
ENSG00000173545,0.019875353,0.883842708
ENSG00000213402,-0.04062804,0.883849657
ENSG00000114127,0.021146374,0.883875972
ENSG00000162777,-0.021550466,0.883920667
ENSG00000136930,-0.025134707,0.883922035
ENSG00000147604,0.050652005,0.883979257
ENSG00000172572,-0.075871386,0.884005491
ENSG00000064989,-0.054726871,0.884085051
ENSG00000146247,0.017982226,0.884125043
ENSG00000197226,-0.019057647,0.884125058
ENSG00000155380,0.02538593,0.884125425
ENSG00000186187,0.040474832,0.884263646
ENSG00000054282,0.027808949,0.884269803
ENSG00000013563,0.022975783,0.884298964
ENSG00000152520,0.022350567,0.884399088
ENSG00000119414,-0.012827187,0.884470242
ENSG00000095383,-0.026935553,0.884495105
ENSG00000136810,0.039623566,0.884693748
ENSG00000120306,0.06479953,0.884720407
ENSG00000106554,0.025402216,0.884798992
ENSG00000166446,0.039092376,0.884859503
ENSG00000085840,-0.064659845,0.884870194
ENSG00000121851,-0.037759133,0.884912617
ENSG00000164253,-0.024124003,0.884926211
ENSG00000001561,0.048937679,0.884929277
ENSG00000125970,-0.013655854,0.884969859
ENSG00000213088,-0.092300119,0.884999847
ENSG00000197937,0.052606876,0.885002999
ENSG00000206199,0.046079577,0.885172107
ENSG00000134070,0.027068138,0.885197583
ENSG00000182230,-0.108937588,0.885249559
ENSG00000167526,0.034377841,0.885339672
ENSG00000214029,0.025291612,0.885400262
ENSG00000109113,-0.047514292,0.885517381
ENSG00000160051,0.054437552,0.885538112
ENSG00000168824,0.06382751,0.885539655
ENSG00000234127,0.021379063,0.885661994
ENSG00000166887,-0.017026551,0.885698987
ENSG00000179583,0.038860676,0.88573039
ENSG00000170667,-0.074066352,0.885879701
ENSG00000167797,-0.026262168,0.885937999
ENSG00000148218,-0.032654805,0.885976698
ENSG00000145920,-0.095682152,0.885981473
ENSG00000198786,-0.055450552,0.886070598
ENSG00000172053,-0.018950622,0.88608996
ENSG00000238227,-0.018868074,0.886097419
ENSG00000205572,0.063813322,0.886205853
ENSG00000185947,-0.031455498,0.88622195
ENSG00000063241,-0.045763922,0.886304088
ENSG00000213937,0.084341258,0.886459741
ENSG00000163491,0.066048666,0.886555383
ENSG00000081237,0.018009246,0.886604262
ENSG00000049541,-0.026472437,0.886670014
ENSG00000118640,-0.039933617,0.886711646
ENSG00000077312,0.022159575,0.886722148
ENSG00000111206,-0.049175713,0.886733303
ENSG00000228672,-0.047290983,0.886735264
ENSG00000054967,-0.037117297,0.886861597
ENSG00000143751,0.025859927,0.886897811
ENSG00000115841,-0.030498605,0.886918966
ENSG00000121775,-0.022814289,0.886919097
ENSG00000273590,0.067527605,0.886960669
ENSG00000105011,-0.047749563,0.886992634
ENSG00000065413,-0.014091546,0.887006385
ENSG00000088053,-0.063637951,0.887009001
ENSG00000149591,0.06291485,0.887029496
ENSG00000138081,0.017024663,0.887068489
ENSG00000182183,0.035551279,0.887103999
ENSG00000157540,0.018642808,0.887218665
ENSG00000196387,-0.019986685,0.887229994
ENSG00000186628,0.044708077,0.887335252
ENSG00000108175,-0.042348918,0.887341547
ENSG00000276043,0.026868578,0.88738568
ENSG00000178234,0.020439599,0.887606976
ENSG00000060237,0.060567391,0.887620651
ENSG00000104375,0.040382646,0.887747007
ENSG00000055208,0.027878933,0.887767173
ENSG00000172331,-0.112093281,0.887790551
ENSG00000120705,0.017434657,0.887813796
ENSG00000143401,0.025732733,0.887891242
ENSG00000148814,0.034846416,0.887996887
ENSG00000078269,-0.036901214,0.888146336
ENSG00000131051,-0.013738348,0.888210815
ENSG00000153140,-0.052189037,0.888286868
ENSG00000110711,0.018623055,0.888342657
ENSG00000186468,0.036532835,0.888364842
ENSG00000079950,-0.02119627,0.888417436
ENSG00000112282,0.014569769,0.888438336
ENSG00000172057,0.039466806,0.88843868
ENSG00000149273,0.038954033,0.888463902
ENSG00000160917,0.024011738,0.888515513
ENSG00000198064,-0.086389866,0.888574866
ENSG00000139318,0.030011449,0.888612023
ENSG00000164366,-0.021199581,0.888619801
ENSG00000169288,-0.047367931,0.888673218
ENSG00000162819,-0.02003427,0.888702896
ENSG00000065833,-0.076129839,0.888776867
ENSG00000189350,0.057824183,0.888837363
ENSG00000203879,0.018470624,0.888850972
ENSG00000136897,-0.032830671,0.888852826
ENSG00000215375,-0.031933708,0.888872245
ENSG00000173198,0.039693617,0.888902562
ENSG00000120071,0.026200347,0.888915053
ENSG00000141367,-0.017703,0.888919927
ENSG00000143164,-0.040624923,0.888920789
ENSG00000087077,-0.05278027,0.889004864
ENSG00000268500,-0.075835159,0.889100085
ENSG00000101190,0.028668049,0.88910156
ENSG00000127922,-0.037263988,0.889106719
ENSG00000145386,-0.054632929,0.889268148
ENSG00000179044,-0.117681129,0.889406762
ENSG00000175182,-0.031651791,0.889416556
ENSG00000089127,-0.064887631,0.889425614
ENSG00000144635,-0.030637066,0.889437299
ENSG00000167625,0.021541826,0.889460912
ENSG00000166681,-0.058061815,0.889505507
ENSG00000164031,0.020604501,0.889534978
ENSG00000119041,0.020071767,0.889611763
ENSG00000067445,0.112447911,0.889710538
ENSG00000198799,0.022143504,0.889754462
ENSG00000123240,-0.059692989,0.889764824
ENSG00000156110,-0.025870807,0.889845276
ENSG00000186407,-0.03329009,0.889876075
ENSG00000177465,0.070967001,0.889989761
ENSG00000178691,-0.015606122,0.890149569
ENSG00000165629,-0.026930938,0.890171271
ENSG00000162735,-0.01456031,0.890218912
ENSG00000164808,0.016292949,0.890224381
ENSG00000187010,0.059344441,0.890247784
ENSG00000137171,0.022988138,0.890279794
ENSG00000163492,-0.060316355,0.890358982
ENSG00000172530,-0.024230933,0.890369914
ENSG00000188725,-0.026783269,0.890387086
ENSG00000146063,0.018764135,0.890539867
ENSG00000166946,0.044987608,0.89060878
ENSG00000174231,0.023922247,0.89067348
ENSG00000110955,-0.032888948,0.89071199
ENSG00000138161,0.041540823,0.890876118
ENSG00000102678,0.067344386,0.890965683
ENSG00000099899,-0.0217403,0.890967358
ENSG00000198734,-0.072207312,0.891050152
ENSG00000124767,0.030397133,0.891165898
ENSG00000104388,-0.019672079,0.8912724
ENSG00000160117,-0.048805278,0.891333443
ENSG00000178913,0.024298085,0.891339067
ENSG00000054523,-0.036505594,0.891395905
ENSG00000138085,0.023220048,0.891474371
ENSG00000109919,-0.023246136,0.891534973
ENSG00000182325,-0.037158801,0.891618915
ENSG00000123360,0.035889992,0.891673365
ENSG00000247746,0.06454285,0.891730488
ENSG00000185651,-0.014538341,0.891742026
ENSG00000027001,0.03004006,0.891783894
ENSG00000166037,-0.019874617,0.89190135
ENSG00000197457,-0.046793623,0.891977471
ENSG00000062485,0.017074618,0.891986223
ENSG00000160570,-0.026853516,0.892092886
ENSG00000147437,-0.02865385,0.892099862
ENSG00000215397,-0.053796341,0.892128887
ENSG00000141294,-0.042514862,0.892389198
ENSG00000155957,-0.02401471,0.892421189
ENSG00000143067,-0.044902167,0.892554144
ENSG00000078246,0.03236347,0.892582255
ENSG00000138439,-0.029201846,0.892631028
ENSG00000176209,-0.037391204,0.892750903
ENSG00000008324,0.035497807,0.892785438
ENSG00000021300,0.045320872,0.892809373
ENSG00000164283,-0.119707622,0.892809807
ENSG00000111639,-0.028354898,0.892827138
ENSG00000100991,-0.018726847,0.892929421
ENSG00000116017,0.040390291,0.892967063
ENSG00000239839,-0.115601912,0.89298949
ENSG00000162849,0.045450372,0.893047821
ENSG00000130717,-0.01727497,0.893053895
ENSG00000070047,0.020334289,0.893123152
ENSG00000197562,-0.023685885,0.893197998
ENSG00000119321,-0.020127142,0.89324695
ENSG00000119703,-0.046105343,0.893296356
ENSG00000198917,-0.019599576,0.893300007
ENSG00000151498,0.017047751,0.893479243
ENSG00000127366,0.051322815,0.893528697
ENSG00000187608,-0.100652673,0.893542462
ENSG00000196235,-0.015789434,0.893623558
ENSG00000187837,-0.028526881,0.8937616
ENSG00000271605,0.063251777,0.893766633
ENSG00000204424,-0.087955052,0.893801233
ENSG00000116209,0.019213497,0.893816806
ENSG00000184611,-0.070702044,0.893942713
ENSG00000006555,0.039628801,0.894097154
ENSG00000173391,0.105955924,0.89424291
ENSG00000149657,0.018486399,0.894271368
ENSG00000183208,0.026830682,0.894319548
ENSG00000133805,-0.03526663,0.894335369
ENSG00000102471,-0.073849584,0.894387542
ENSG00000198740,0.02358364,0.89451155
ENSG00000166444,-0.068344884,0.894523018
ENSG00000187498,-0.109276508,0.894750665
ENSG00000108352,-0.053345316,0.894762134
ENSG00000205927,0.091581417,0.89477732
ENSG00000102781,0.035834952,0.894788016
ENSG00000111481,0.021666626,0.894857495
ENSG00000115641,0.027669795,0.894976736
ENSG00000186010,0.02203106,0.895074244
ENSG00000148337,0.026550526,0.895113653
ENSG00000089195,0.029814623,0.895138428
ENSG00000156802,0.024762434,0.895192061
ENSG00000172943,-0.017364884,0.895263253
ENSG00000140030,-0.031081752,0.895336922
ENSG00000020922,0.018606827,0.895366572
ENSG00000198753,-0.10340246,0.895369584
ENSG00000182985,0.077181992,0.895546263
ENSG00000255112,-0.023863526,0.895601654
ENSG00000072134,-0.043656148,0.895773609
ENSG00000130038,-0.025035952,0.895799445
ENSG00000120860,-0.02346948,0.895802178
ENSG00000225528,-0.033540657,0.895816501
ENSG00000177082,-0.01842759,0.895886121
ENSG00000155158,-0.027524193,0.895945473
ENSG00000160087,0.017799739,0.895959464
ENSG00000127124,0.054011566,0.896089914
ENSG00000122299,0.013421168,0.896108418
ENSG00000143373,-0.0204302,0.896186527
ENSG00000124214,0.041301222,0.896311598
ENSG00000140511,0.051936409,0.896381374
ENSG00000076555,-0.036120981,0.896382084
ENSG00000138346,0.03584918,0.896387616
ENSG00000149328,-0.074907581,0.896407235
ENSG00000168056,-0.05428002,0.896481512
ENSG00000177868,0.046812346,0.896592794
ENSG00000114656,0.064035079,0.896603603
ENSG00000198336,-0.072960994,0.896642584
ENSG00000169925,0.019812234,0.896821159
ENSG00000119541,0.016428723,0.897043094
ENSG00000184678,-0.027777711,0.89705338
ENSG00000168646,-0.070072004,0.897148191
ENSG00000277632,-0.083694481,0.897171789
ENSG00000134897,-0.029568188,0.897212697
ENSG00000184227,0.082969776,0.897228325
ENSG00000173120,0.021386884,0.89723505
ENSG00000173930,-0.036414736,0.897361273
ENSG00000179889,-0.018901893,0.897369456
ENSG00000171861,0.024371204,0.897434251
ENSG00000028528,0.01228347,0.897466418
ENSG00000171163,0.023903751,0.897545258
ENSG00000100811,0.011755781,0.897624004
ENSG00000134575,-0.022525767,0.897625172
ENSG00000116062,-0.01238456,0.897665907
ENSG00000174839,0.01526242,0.897670299
ENSG00000032389,-0.018664203,0.89770046
ENSG00000154118,-0.053492989,0.897732071
ENSG00000136783,-0.031185822,0.897821919
ENSG00000129493,-0.02338141,0.897852762
ENSG00000087302,-0.021159667,0.89803103
ENSG00000197894,0.025745603,0.898081533
ENSG00000167447,0.016771654,0.898097099
ENSG00000174132,0.046816893,0.89811276
ENSG00000198182,-0.049244137,0.898258051
ENSG00000180096,0.020999487,0.898258659
ENSG00000102870,-0.03777377,0.898420499
ENSG00000198832,0.0397829,0.898570979
ENSG00000163428,0.015412133,0.898597322
ENSG00000152454,0.048406505,0.898611331
ENSG00000162066,0.021964058,0.898690039
ENSG00000134058,-0.022739035,0.898703917
ENSG00000159199,0.030070301,0.898719399
ENSG00000104320,-0.017737211,0.898829632
ENSG00000182220,-0.018941893,0.898850978
ENSG00000183791,0.129667337,0.898896631
ENSG00000127564,-0.089006187,0.898916703
ENSG00000143801,-0.032318302,0.898922342
ENSG00000099341,-0.018640179,0.898922624
ENSG00000146426,-0.033038309,0.898944721
ENSG00000120063,-0.015523388,0.89897777
ENSG00000185261,0.046339384,0.898993534
ENSG00000166295,-0.017538863,0.899067839
ENSG00000153179,-0.028932466,0.899135754
ENSG00000064012,0.018102704,0.899151776
ENSG00000155363,0.032376314,0.899159192
ENSG00000065154,0.024924625,0.899214015
ENSG00000166192,0.043773354,0.899243952
ENSG00000172771,0.057204821,0.899359868
ENSG00000178021,0.078231679,0.899373232
ENSG00000171858,-0.051339451,0.899410879
ENSG00000167380,-0.022804449,0.899475122
ENSG00000071894,0.027273614,0.899507871
ENSG00000138738,0.047530612,0.899527947
ENSG00000158526,-0.02409188,0.899590075
ENSG00000149212,-0.045457744,0.899663954
ENSG00000157999,-0.050809277,0.899751707
ENSG00000141127,0.01987694,0.899773693
ENSG00000077147,0.01407273,0.899947014
ENSG00000186184,-0.035309911,0.900009333
ENSG00000089902,-0.030762305,0.900033008
ENSG00000100764,0.015906235,0.900043233
ENSG00000162664,0.018126452,0.900047434
ENSG00000111737,0.017981185,0.900097061
ENSG00000077348,-0.031174541,0.900211248
ENSG00000180257,0.035722195,0.900246863
ENSG00000247077,-0.019806219,0.900326758
ENSG00000112851,0.014043197,0.900393324
ENSG00000034152,-0.062705209,0.900396002
ENSG00000125872,-0.072450381,0.900568644
ENSG00000144320,-0.019010858,0.900628003
ENSG00000164442,-0.017817697,0.900629425
ENSG00000077984,-0.041371921,0.900698349
ENSG00000118849,-0.047704536,0.900777855
ENSG00000119684,0.018729813,0.900781033
ENSG00000054965,0.028103357,0.900805321
ENSG00000107371,-0.017312661,0.900854002
ENSG00000181789,0.010763479,0.900867278
ENSG00000118181,0.032671647,0.900902898
ENSG00000008300,-0.064487655,0.900946282
ENSG00000146350,-0.025785093,0.900950626
ENSG00000135070,-0.049287527,0.901062086
ENSG00000197121,-0.033582143,0.901091629
ENSG00000104756,0.021784185,0.901172033
ENSG00000100385,-0.032938177,0.901192504
ENSG00000285976,-0.054480615,0.901270169
ENSG00000132424,0.015710572,0.901274071
ENSG00000263465,-0.026073072,0.90129262
ENSG00000019582,0.024703244,0.901306643
ENSG00000206561,-0.058067985,0.901594012
ENSG00000103174,-0.021700536,0.901629689
ENSG00000165646,0.047597151,0.901682057
ENSG00000277149,-0.039357084,0.901717818
ENSG00000164258,-0.03128419,0.901812389
ENSG00000123219,-0.053467195,0.901828436
ENSG00000166171,-0.060101598,0.901847702
ENSG00000053371,-0.019542317,0.901859413
ENSG00000127022,0.012267928,0.901875749
ENSG00000176410,-0.023600854,0.901916746
ENSG00000078070,0.020591174,0.901934957
ENSG00000241468,-0.026520598,0.90204858
ENSG00000148824,-0.030903001,0.902050466
ENSG00000198756,-0.071074221,0.902199805
ENSG00000100888,0.013742391,0.902230017
ENSG00000163993,0.137634874,0.902278616
ENSG00000151500,0.022432609,0.90234448
ENSG00000129749,-0.043095234,0.902385277
ENSG00000164163,0.023339331,0.902470605
ENSG00000075239,0.026993275,0.902487956
ENSG00000180543,-0.04161673,0.902599897
ENSG00000186364,-0.0490378,0.902628301
ENSG00000182979,-0.018054361,0.902652438
ENSG00000107874,0.017518546,0.902672365
ENSG00000153157,-0.102114204,0.90267471
ENSG00000101665,0.039416048,0.902703267
ENSG00000137265,-0.048446909,0.902703584
ENSG00000172819,-0.023209381,0.902782689
ENSG00000141179,-0.053448312,0.9028084
ENSG00000117281,-0.041635464,0.902822783
ENSG00000134294,-0.021235596,0.902873358
ENSG00000104408,0.029084682,0.902886104
ENSG00000101966,0.011121861,0.902887431
ENSG00000134285,-0.024075383,0.90290675
ENSG00000100393,-0.03028211,0.902912806
ENSG00000136213,0.036347173,0.902949028
ENSG00000172671,-0.030485762,0.903110638
ENSG00000181061,-0.0267484,0.903263381
ENSG00000119523,0.017657296,0.903297565
ENSG00000187554,-0.050103623,0.903315379
ENSG00000244687,0.032320494,0.903340709
ENSG00000256500,-0.153270203,0.903358783
ENSG00000074219,0.057869142,0.90342595
ENSG00000247626,-0.021657253,0.90342744
ENSG00000100416,0.020435932,0.903444856
ENSG00000188199,-0.061113009,0.90345366
ENSG00000157827,0.024566358,0.903560799
ENSG00000110330,0.025137586,0.903579051
ENSG00000283149,0.16286533,0.903588888
ENSG00000140543,0.025004774,0.903613322
ENSG00000087095,-0.014226958,0.903693663
ENSG00000131100,-0.018982269,0.903777576
ENSG00000172992,0.01999313,0.90388602
ENSG00000127314,0.017498188,0.903892752
ENSG00000163032,-0.05486245,0.903897794
ENSG00000150627,0.049264383,0.903921373
ENSG00000112139,0.135639418,0.903978792
ENSG00000111860,0.016411204,0.904090537
ENSG00000105732,-0.019740455,0.90415399
ENSG00000156875,-0.014699298,0.90415559
ENSG00000198408,0.01510521,0.904166844
ENSG00000123700,-0.047925329,0.90418483
ENSG00000152484,-0.057987248,0.904196891
ENSG00000003402,-0.024932144,0.904210708
ENSG00000138639,-0.032436502,0.904320034
ENSG00000198105,0.020544251,0.904333252
ENSG00000179104,0.033318327,0.904381481
ENSG00000160957,-0.050801405,0.904384774
ENSG00000163626,-0.017834073,0.904545489
ENSG00000141378,0.013767265,0.904579728
ENSG00000186469,-0.022178365,0.904680476
ENSG00000103381,0.036695214,0.904763241
ENSG00000175538,-0.033595717,0.904769512
ENSG00000179271,0.030036083,0.904790816
ENSG00000068885,0.021508894,0.904793621
ENSG00000155313,-0.015251425,0.904834188
ENSG00000174130,-0.037561844,0.904839258
ENSG00000014914,-0.038786448,0.904906456
ENSG00000166441,0.030884714,0.905080295
ENSG00000105483,0.018594591,0.905093826
ENSG00000134202,-0.075359548,0.905688654
ENSG00000177943,-0.026722916,0.905814289
ENSG00000186919,-0.047811191,0.905922163
ENSG00000179119,-0.010064491,0.905959254
ENSG00000132274,0.035269826,0.905965243
ENSG00000142583,-0.052502703,0.90600883
ENSG00000185122,0.015549026,0.906098914
ENSG00000176896,0.021139386,0.906103879
ENSG00000147883,0.031062169,0.906218559
ENSG00000106355,-0.0330513,0.90622072
ENSG00000164659,-0.070185829,0.906359877
ENSG00000174282,-0.017709974,0.906412991
ENSG00000165304,0.050698234,0.906591857
ENSG00000241370,-0.027167485,0.906603105
ENSG00000161970,0.051965695,0.906724034
ENSG00000113812,0.016605544,0.906909108
ENSG00000151835,0.023859391,0.906988084
ENSG00000188895,0.03278621,0.907025176
ENSG00000108773,-0.024936045,0.907066399
ENSG00000167384,0.02085441,0.907088029
ENSG00000078304,0.016450478,0.907121357
ENSG00000197892,-0.022014039,0.90714069
ENSG00000103184,0.072165637,0.907168384
ENSG00000167083,0.039029431,0.907176858
ENSG00000179604,0.032343869,0.907347872
ENSG00000100097,0.026863019,0.907385495
ENSG00000131966,-0.0181427,0.907387752
ENSG00000119737,-0.03749042,0.907441171
ENSG00000168913,-0.072164113,0.90762916
ENSG00000125457,0.016987469,0.90772918
ENSG00000115738,-0.036550961,0.907843778
ENSG00000198042,0.021496313,0.907879366
ENSG00000196821,0.018331006,0.90789311
ENSG00000133103,-0.021086785,0.907919916
ENSG00000113522,-0.020586006,0.907932454
ENSG00000149313,0.01923236,0.908014035
ENSG00000157870,0.024551608,0.908015136
ENSG00000249915,-0.009583107,0.908029806
ENSG00000149743,0.021782425,0.908034845
ENSG00000188483,-0.043763784,0.908083105
ENSG00000170606,0.013620695,0.908085277
ENSG00000257767,0.115313177,0.908111755
ENSG00000120727,0.021641164,0.908174137
ENSG00000250361,-0.08229253,0.908175135
ENSG00000177542,-0.022429786,0.908315839
ENSG00000147526,-0.014386664,0.908496584
ENSG00000090863,-0.019868193,0.90856059
ENSG00000266028,0.023913748,0.908588737
ENSG00000198026,-0.014695643,0.908668983
ENSG00000149311,0.017936847,0.908680307
ENSG00000137054,0.02364098,0.908727306
ENSG00000064199,0.05628768,0.90875522
ENSG00000113249,-0.07785645,0.908820424
ENSG00000112365,0.013933436,0.908867237
ENSG00000138615,0.055205919,0.908880512
ENSG00000027075,0.023908945,0.908890262
ENSG00000167371,-0.064795395,0.908932292
ENSG00000284931,-0.153870725,0.909037864
ENSG00000100916,0.042253293,0.909049732
ENSG00000062650,-0.009893745,0.909159723
ENSG00000274512,-0.036966878,0.909161691
ENSG00000145916,-0.01736056,0.909162393
ENSG00000196313,-0.027267053,0.909162398
ENSG00000183793,0.140408441,0.909250004
ENSG00000118113,-0.116500467,0.909283401
ENSG00000179988,-0.029726416,0.909284154
ENSG00000129219,0.021991296,0.909323065
ENSG00000187017,-0.069597246,0.909430222
ENSG00000124789,-0.014473175,0.909459629
ENSG00000091129,0.073351547,0.909472173
ENSG00000136261,-0.023008893,0.909492939
ENSG00000130684,-0.021753852,0.909496683
ENSG00000127884,0.021627594,0.909497619
ENSG00000074266,-0.017070691,0.90951653
ENSG00000101844,0.023312985,0.909521238
ENSG00000108474,-0.024360138,0.909527719
ENSG00000183049,-0.028837514,0.909531017
ENSG00000130560,-0.030830541,0.909532441
ENSG00000183023,0.041663426,0.909564784
ENSG00000119314,0.014260639,0.909581627
ENSG00000110777,0.049765035,0.909730853
ENSG00000177888,0.024814352,0.909749762
ENSG00000140090,-0.03984361,0.909750031
ENSG00000244607,0.049411172,0.909785119
ENSG00000174799,0.013540576,0.909981603
ENSG00000116954,0.015503421,0.909996656
ENSG00000198342,-0.075372707,0.910110679
ENSG00000101052,0.040212005,0.910139318
ENSG00000183955,0.015641112,0.910188317
ENSG00000074755,-0.019000873,0.910222355
ENSG00000174946,0.036437321,0.910385078
ENSG00000021776,0.01166875,0.91054317
ENSG00000168016,0.029171189,0.910593877
ENSG00000120256,-0.050261974,0.910617695
ENSG00000284770,-0.0176245,0.910666139
ENSG00000159082,0.018013649,0.910673459
ENSG00000132341,0.02335483,0.910688303
ENSG00000169564,-0.025456806,0.91070421
ENSG00000100387,-0.022193624,0.910725728
ENSG00000186462,0.051926735,0.910733102
ENSG00000058063,-0.014825635,0.910791228
ENSG00000144120,-0.029103085,0.910819059
ENSG00000139629,-0.027268229,0.910873244
ENSG00000163251,0.045297914,0.910873777
ENSG00000174611,-0.044767654,0.91097316
ENSG00000152234,-0.016243296,0.910998217
ENSG00000110107,-0.021361292,0.91101604
ENSG00000109320,-0.014934656,0.911026721
ENSG00000178980,0.024115233,0.911067068
ENSG00000128394,0.023576149,0.911239028
ENSG00000036054,0.015702675,0.91133376
ENSG00000154370,-0.012785029,0.91136803
ENSG00000184384,-0.024866533,0.911432318
ENSG00000184208,-0.023114015,0.911503746
ENSG00000121406,-0.028042476,0.911660342
ENSG00000179639,-0.043756568,0.911690702
ENSG00000132334,-0.021559093,0.911709804
ENSG00000173621,0.028944859,0.911710914
ENSG00000127481,0.024737663,0.911726821
ENSG00000205726,0.034300758,0.911845837
ENSG00000171720,0.009641277,0.911923574
ENSG00000093072,-0.019693351,0.912065152
ENSG00000198691,-0.123840501,0.912105512
ENSG00000174109,0.028662276,0.912231939
ENSG00000196126,0.050567582,0.91223791
ENSG00000170624,-0.097628731,0.912258968
ENSG00000220205,0.023484555,0.912332121
ENSG00000099917,-0.022330226,0.912384889
ENSG00000006016,-0.042249068,0.912413867
ENSG00000153914,-0.013302439,0.912447553
ENSG00000177054,-0.018664958,0.912628188
ENSG00000134954,0.019657389,0.912648184
ENSG00000138073,-0.0137002,0.912697334
ENSG00000100038,0.021113283,0.912702996
ENSG00000162910,-0.017028502,0.912746768
ENSG00000198752,-0.028778564,0.912764921
ENSG00000173221,-0.020910385,0.912819342
ENSG00000053501,0.026618554,0.912839769
ENSG00000086300,0.029403792,0.912843709
ENSG00000166704,0.028474563,0.912887839
ENSG00000115526,-0.036854845,0.912954538
ENSG00000153790,0.036274792,0.912994681
ENSG00000150636,-0.045495672,0.913020905
ENSG00000169508,0.027615913,0.913113225
ENSG00000136942,0.040608359,0.913195168
ENSG00000126464,0.03605419,0.913217933
ENSG00000079432,-0.027022711,0.913230428
ENSG00000174606,-0.014105203,0.913251676
ENSG00000108061,0.016847921,0.913321165
ENSG00000121621,0.045220342,0.913388724
ENSG00000204628,0.019061381,0.913689026
ENSG00000272196,-0.038731914,0.91374566
ENSG00000188042,-0.031563538,0.913791481
ENSG00000049249,-0.047619539,0.913818397
ENSG00000051382,0.02633137,0.913825406
ENSG00000015133,0.024101075,0.913844819
ENSG00000068784,0.014624222,0.913908447
ENSG00000164251,0.048486469,0.913942171
ENSG00000109861,0.020081927,0.913971355
ENSG00000169245,-0.084104328,0.913992936
ENSG00000088888,0.013118882,0.913999405
ENSG00000112303,-0.037701134,0.914014221
ENSG00000124243,-0.02945189,0.914032397
ENSG00000141068,0.026643423,0.91403318
ENSG00000172296,0.078105281,0.914069604
ENSG00000102393,-0.021906896,0.914107338
ENSG00000154845,0.029230408,0.914216884
ENSG00000168546,-0.05158243,0.914222273
ENSG00000022567,0.032827599,0.914318416
ENSG00000198198,-0.019583219,0.914329335
ENSG00000076043,0.027720932,0.914337158
ENSG00000248405,-0.12419878,0.91442279
ENSG00000132199,-0.027123548,0.91447933
ENSG00000096080,0.020102148,0.91452133
ENSG00000135390,0.017696219,0.914543229
ENSG00000076513,-0.020290565,0.914675871
ENSG00000104321,-0.093855368,0.914714988
ENSG00000169410,-0.014392899,0.914730333
ENSG00000177989,-0.032843224,0.914786681
ENSG00000088298,0.015170788,0.914836213
ENSG00000181007,0.027539747,0.914876068
ENSG00000030419,-0.041900436,0.914907471
ENSG00000100271,-0.035055564,0.914940958
ENSG00000145428,-0.044877432,0.915053585
ENSG00000132879,0.022701586,0.91512456
ENSG00000136828,0.021230028,0.915171596
ENSG00000077420,-0.027557778,0.915347044
ENSG00000164296,0.025647723,0.915476841
ENSG00000248905,0.081823166,0.915490461
ENSG00000136247,0.019571981,0.915541681
ENSG00000198886,0.032421197,0.915630334
ENSG00000185187,-0.019916104,0.91571379
ENSG00000054277,0.025001985,0.915722947
ENSG00000049759,-0.044352857,0.915727321
ENSG00000174106,0.008840771,0.915728282
ENSG00000198730,-0.008369357,0.915849633
ENSG00000133250,0.032375769,0.915865843
ENSG00000205208,0.023838176,0.915894828
ENSG00000132128,0.010923374,0.915899664
ENSG00000084090,-0.013483457,0.915918033
ENSG00000155034,-0.02737922,0.915931925
ENSG00000115919,-0.029501144,0.915940166
ENSG00000214736,-0.025886709,0.915981157
ENSG00000068394,-0.01607347,0.915982355
ENSG00000138768,-0.011868372,0.916018397
ENSG00000104880,0.020286486,0.916054753
ENSG00000108984,0.01566468,0.916099116
ENSG00000182405,-0.025580087,0.916128309
ENSG00000104164,-0.014168245,0.916292024
ENSG00000167702,-0.026146177,0.916394623
ENSG00000205923,0.109787371,0.916420899
ENSG00000105939,-0.017688412,0.916438773
ENSG00000178385,0.020619117,0.916512537
ENSG00000187838,0.018037633,0.916536107
ENSG00000109536,-0.02168519,0.916591256
ENSG00000198286,0.023270317,0.916620833
ENSG00000106100,-0.020486112,0.916675075
ENSG00000185591,0.018457916,0.9167275
ENSG00000071242,0.034857986,0.916730736
ENSG00000119878,0.015885656,0.916780545
ENSG00000224877,-0.028060508,0.916868541
ENSG00000170222,-0.027879042,0.917016564
ENSG00000250506,0.041495609,0.917029174
ENSG00000127418,0.023207744,0.917050122
ENSG00000155368,-0.030146469,0.917099938
ENSG00000117868,0.016717705,0.917124241
ENSG00000163684,-0.01519872,0.91713028
ENSG00000175832,0.058257025,0.917217568
ENSG00000174514,-0.031274496,0.91722709
ENSG00000077684,-0.010503594,0.917277386
ENSG00000002822,0.015819256,0.91744916
ENSG00000141568,0.010259247,0.917451737
ENSG00000276903,-0.04718219,0.917463202
ENSG00000107036,0.010049282,0.917488813
ENSG00000236320,-0.051925858,0.917638045
ENSG00000164535,0.019435783,0.917680591
ENSG00000105193,-0.030692919,0.917744088
ENSG00000077157,0.036488837,0.917845786
ENSG00000179912,-0.017947547,0.917855484
ENSG00000137100,-0.012894666,0.917889067
ENSG00000166797,0.023643512,0.91790273
ENSG00000205784,0.037838904,0.917911472
ENSG00000188283,-0.017032885,0.917938063
ENSG00000129595,-0.040055,0.917962663
ENSG00000005339,-0.029707481,0.918123753
ENSG00000126821,0.021207307,0.918179315
ENSG00000066117,-0.012998091,0.918191393
ENSG00000149923,-0.018011172,0.918201603
ENSG00000170540,-0.023648136,0.918227552
ENSG00000122882,-0.009240938,0.918378622
ENSG00000162366,0.066223576,0.918406059
ENSG00000180228,0.016403925,0.918564928
ENSG00000204936,0.194109555,0.918778894
ENSG00000099942,0.013159691,0.918902141
ENSG00000111364,-0.019634843,0.919119869
ENSG00000145495,0.01836596,0.919155063
ENSG00000125386,-0.01777709,0.919215221
ENSG00000262664,0.024430683,0.919223629
ENSG00000150316,-0.022756641,0.919256004
ENSG00000138660,-0.020270997,0.919337521
ENSG00000113649,0.014587,0.91936132
ENSG00000120539,0.0255561,0.919416145
ENSG00000185420,0.02252641,0.919510259
ENSG00000117614,-0.020018385,0.919556626
ENSG00000133112,0.033050703,0.920027099
ENSG00000249624,-0.036765982,0.920137323
ENSG00000048028,-0.023200867,0.920218345
ENSG00000151131,0.022148347,0.920236932
ENSG00000162298,-0.019451055,0.920265714
ENSG00000172014,-0.151281208,0.920301515
ENSG00000114378,-0.03032526,0.920317497
ENSG00000184293,-0.039650066,0.920354311
ENSG00000102890,-0.030645236,0.920449958
ENSG00000117906,-0.022108696,0.920461713
ENSG00000143797,-0.03533301,0.920466961
ENSG00000077782,-0.044374877,0.920498779
ENSG00000101343,-0.0119104,0.920508039
ENSG00000211460,-0.011896212,0.92064448
ENSG00000111203,0.015854217,0.920706728
ENSG00000085449,0.011201149,0.920708452
ENSG00000180628,-0.021510922,0.920730646
ENSG00000107669,-0.012165226,0.9208144
ENSG00000185730,0.020135641,0.921020479
ENSG00000125744,0.037393484,0.921121639
ENSG00000188211,0.022354868,0.921286371
ENSG00000149136,0.016104822,0.921405629
ENSG00000109475,0.045157192,0.921430781
ENSG00000168395,0.014423442,0.921474504
ENSG00000165490,0.027220582,0.921475257
ENSG00000232112,0.033418358,0.921493164
ENSG00000144224,-0.008657318,0.921556337
ENSG00000119720,0.013031211,0.921613016
ENSG00000111490,-0.040805885,0.921683228
ENSG00000114388,0.016864677,0.921739475
ENSG00000100290,-0.054138064,0.921800226
ENSG00000126226,0.014299761,0.921807653
ENSG00000035115,0.017128605,0.921864558
ENSG00000100796,0.00789511,0.921875479
ENSG00000181631,0.0327711,0.921970927
ENSG00000198624,-0.010093964,0.922003053
ENSG00000144848,-0.017616182,0.92202696
ENSG00000205571,0.102809074,0.922089485
ENSG00000134644,0.008443399,0.922096403
ENSG00000091262,0.038345883,0.922110389
ENSG00000131507,-0.008891597,0.922113849
ENSG00000166340,-0.027929078,0.922143316
ENSG00000122965,0.015524059,0.922163754
ENSG00000165675,0.016476713,0.92228041
ENSG00000110911,-0.01248551,0.922308887
ENSG00000155903,-0.011166996,0.922358222
ENSG00000076351,-0.020710414,0.922365224
ENSG00000119844,-0.011319615,0.922371738
ENSG00000117395,0.023376003,0.922389069
ENSG00000198168,-0.019548749,0.922420808
ENSG00000187257,-0.011379187,0.922494446
ENSG00000140563,-0.024639468,0.922554293
ENSG00000137441,-0.049902769,0.922577895
ENSG00000162068,0.047740474,0.922636905
ENSG00000108950,-0.023315181,0.922682741
ENSG00000124217,0.013260207,0.922686705
ENSG00000183111,-0.052398901,0.922695658
ENSG00000136044,-0.016078377,0.922709255
ENSG00000175334,-0.020167777,0.92283821
ENSG00000143870,-0.018760165,0.922850202
ENSG00000082212,0.009270405,0.922863954
ENSG00000187244,-0.080877309,0.922870788
ENSG00000188822,-0.038441206,0.922909509
ENSG00000091436,0.023163914,0.922942576
ENSG00000182054,-0.016040901,0.922970177
ENSG00000137871,-0.015771585,0.922973748
ENSG00000125827,0.015678949,0.922989944
ENSG00000171316,0.017954362,0.923074772
ENSG00000177352,0.013359433,0.9231154
ENSG00000003756,-0.010566422,0.923357912
ENSG00000167257,0.013915532,0.923400283
ENSG00000062598,0.010414978,0.923409668
ENSG00000023697,0.016921453,0.923427992
ENSG00000125871,-0.017040051,0.923433436
ENSG00000106785,0.015745269,0.923543294
ENSG00000130332,0.028352158,0.923693189
ENSG00000028116,0.017625742,0.923793761
ENSG00000141622,-0.051322795,0.92387658
ENSG00000139921,0.017021759,0.923929273
ENSG00000149231,-0.011058165,0.923963175
ENSG00000206190,0.025114806,0.924187283
ENSG00000270757,0.163900511,0.924317752
ENSG00000105085,-0.014610637,0.924754398
ENSG00000111863,0.071668979,0.924990055
ENSG00000169203,-0.040184755,0.92502941
ENSG00000110104,0.029286893,0.925100688
ENSG00000196504,-0.008853134,0.925105764
ENSG00000126457,0.016798476,0.925143162
ENSG00000159256,-0.013606983,0.925274004
ENSG00000082153,0.012955945,0.925420864
ENSG00000136305,0.01508934,0.925472554
ENSG00000105072,-0.025232424,0.925519382
ENSG00000196123,-0.024955338,0.925547817
ENSG00000197965,-0.033895743,0.925602655
ENSG00000129167,0.034487043,0.925658147
ENSG00000050730,0.067115046,0.925796728
ENSG00000198918,0.042007582,0.925972718
ENSG00000212807,0.037770581,0.926035516
ENSG00000172164,-0.014598848,0.926228683
ENSG00000105486,-0.015540605,0.926293743
ENSG00000104064,-0.013020168,0.926302462
ENSG00000182923,0.023158976,0.926338234
ENSG00000135766,0.025109592,0.926532575
ENSG00000177409,-0.029341844,0.926542467
ENSG00000106992,-0.039387089,0.926550427
ENSG00000167614,0.036804557,0.926579567
ENSG00000198563,0.013067576,0.926594359
ENSG00000115827,-0.014753678,0.926598328
ENSG00000178449,-0.023162354,0.926605781
ENSG00000100319,-0.016392982,0.926702116
ENSG00000182986,0.081757475,0.926706328
ENSG00000145246,-0.015964004,0.926761881
ENSG00000184860,-0.026552247,0.926772189
ENSG00000086730,-0.025451798,0.926828248
ENSG00000131037,-0.046589432,0.926946262
ENSG00000198162,0.012852969,0.926949655
ENSG00000267673,0.032907002,0.926952333
ENSG00000141505,0.027606794,0.927022135
ENSG00000176973,0.016520004,0.927088066
ENSG00000166669,-0.01091826,0.927180935
ENSG00000116752,-0.022852073,0.927228721
ENSG00000099904,-0.018392349,0.927313913
ENSG00000070476,-0.011685053,0.927373412
ENSG00000102225,-0.013169789,0.927401944
ENSG00000149658,-0.007685752,0.927428802
ENSG00000105516,0.01966145,0.927454882
ENSG00000126870,-0.016667984,0.92745709
ENSG00000180739,0.040036893,0.92746153
ENSG00000281106,-0.035267117,0.927463679
ENSG00000216937,-0.030627867,0.927477863
ENSG00000145949,-0.041115396,0.927567134
ENSG00000111676,-0.031295742,0.927577157
ENSG00000198586,-0.010882668,0.927603857
ENSG00000178381,-0.023454116,0.927624138
ENSG00000102934,-0.019624726,0.927656546
ENSG00000213901,-0.032397681,0.927670199
ENSG00000076770,0.053750997,0.927712062
ENSG00000165949,0.107163145,0.92773867
ENSG00000148832,-0.021967131,0.927811003
ENSG00000168883,0.00914832,0.927842164
ENSG00000100216,-0.019436488,0.927971393
ENSG00000183763,0.057308227,0.928064642
ENSG00000118407,-0.037012831,0.928126688
ENSG00000173250,0.039972728,0.928144041
ENSG00000104884,0.016055066,0.928225765
ENSG00000182782,-0.038086943,0.928238495
ENSG00000205250,0.018092113,0.928253096
ENSG00000173681,0.01599228,0.928259337
ENSG00000175857,0.029852271,0.92841432
ENSG00000172548,0.041050909,0.928533438
ENSG00000170584,-0.017298903,0.928591362
ENSG00000071967,-0.023544138,0.92861377
ENSG00000196453,0.017049745,0.928723419
ENSG00000170348,0.012019244,0.928761497
ENSG00000188629,0.039442534,0.928789214
ENSG00000147224,-0.014389631,0.92888669
ENSG00000025156,0.020326376,0.928897499
ENSG00000069329,-0.009279659,0.928912348
ENSG00000164032,0.015279506,0.928931113
ENSG00000160584,0.02123221,0.928993686
ENSG00000156931,-0.01874192,0.929026847
ENSG00000090612,-0.024247085,0.92905055
ENSG00000057608,0.011198318,0.929096708
ENSG00000161980,-0.020811559,0.929148499
ENSG00000067646,0.013849528,0.929177399
ENSG00000132825,-0.016523305,0.929183044
ENSG00000109606,0.009409803,0.929190067
ENSG00000169397,0.062415239,0.929242239
ENSG00000198898,-0.021586426,0.929271444
ENSG00000104529,0.015314594,0.929426956
ENSG00000180901,0.010502024,0.929444592
ENSG00000124067,-0.014654702,0.929482489
ENSG00000276231,-0.044601246,0.929512456
ENSG00000165678,-0.020257203,0.929526421
ENSG00000122884,0.012881075,0.929557825
ENSG00000171055,-0.01027713,0.92956143
ENSG00000117597,0.014222025,0.929607159
ENSG00000121152,0.038006503,0.929812292
ENSG00000185130,0.039786581,0.929823904
ENSG00000130522,-0.028045223,0.929824462
ENSG00000159210,0.010993626,0.929834429
ENSG00000197713,0.015316171,0.929838972
ENSG00000179152,-0.01235418,0.929902047
ENSG00000257218,-0.012340141,0.929922747
ENSG00000160193,0.022963705,0.93007295
ENSG00000127328,-0.021908411,0.930209218
ENSG00000166439,0.010297525,0.930214602
ENSG00000225663,0.013803084,0.930305261
ENSG00000105639,-0.020739402,0.930327265
ENSG00000185721,0.014560812,0.930339143
ENSG00000103145,0.017423309,0.930600145
ENSG00000189067,-0.023708876,0.930659044
ENSG00000173575,-0.010828186,0.930678355
ENSG00000135205,-0.019103959,0.93070136
ENSG00000165533,-0.031149155,0.930727084
ENSG00000123146,0.018868948,0.930819693
ENSG00000173890,-0.023925623,0.930918152
ENSG00000049768,-0.049306249,0.930999113
ENSG00000014919,0.00825409,0.931162631
ENSG00000072518,-0.018742379,0.931166515
ENSG00000183765,-0.020435871,0.93122274
ENSG00000163380,0.025853424,0.931275777
ENSG00000239857,-0.010243127,0.931280727
ENSG00000070061,-0.01250171,0.931287249
ENSG00000224470,0.009294772,0.931298229
ENSG00000066651,0.018681449,0.931316668
ENSG00000197323,0.010194626,0.931317097
ENSG00000172725,-0.009794592,0.931358305
ENSG00000155868,-0.014320126,0.931359618
ENSG00000160200,-0.061990476,0.931409134
ENSG00000144028,-0.012936456,0.931440229
ENSG00000116604,-0.016277991,0.931480374
ENSG00000168275,-0.028516085,0.931572108
ENSG00000188396,-0.071302533,0.931606385
ENSG00000172922,0.012799824,0.931628286
ENSG00000174021,0.020475534,0.931631417
ENSG00000133488,-0.055608492,0.931643009
ENSG00000160336,0.019135878,0.93168598
ENSG00000186300,-0.015875755,0.931728609
ENSG00000184203,-0.011250837,0.931763247
ENSG00000213689,-0.029435761,0.931830825
ENSG00000273983,-0.073663393,0.931884487
ENSG00000174500,0.029142338,0.931924527
ENSG00000100604,0.037032414,0.931962557
ENSG00000165168,-0.018667743,0.931990437
ENSG00000137497,0.011505037,0.932178194
ENSG00000107959,-0.014088835,0.932197985
ENSG00000105289,0.038353756,0.932255115
ENSG00000072195,0.053931616,0.932331963
ENSG00000170037,-0.013203607,0.932375678
ENSG00000183155,0.011833616,0.932380287
ENSG00000047315,-0.008434809,0.932424597
ENSG00000079482,-0.038009616,0.932463367
ENSG00000250151,-0.022157729,0.932511462
ENSG00000171425,-0.018556729,0.932537591
ENSG00000082515,-0.015074309,0.932556958
ENSG00000134352,0.019864694,0.932562612
ENSG00000204316,-0.016386561,0.932577334
ENSG00000167244,0.073311891,0.932710264
ENSG00000141258,-0.013697873,0.932744331
ENSG00000145996,-0.011910285,0.932805955
ENSG00000173113,0.015729707,0.932874529
ENSG00000140497,-0.007978522,0.932878167
ENSG00000013523,0.012988756,0.932881025
ENSG00000165501,-0.019057959,0.932894064
ENSG00000215126,-0.022410737,0.932988974
ENSG00000254858,0.019175374,0.933027035
ENSG00000130881,-0.044693283,0.93302736
ENSG00000111361,0.010232169,0.933131022
ENSG00000117632,-0.024292067,0.933149945
ENSG00000065243,-0.01703704,0.933192457
ENSG00000166135,-0.008981784,0.93322539
ENSG00000153774,0.016691649,0.933290846
ENSG00000139437,0.0107955,0.933341116
ENSG00000100221,0.010680627,0.933406372
ENSG00000197157,0.014624362,0.933496125
ENSG00000006432,-0.031175988,0.933542946
ENSG00000175294,-0.040035443,0.933571428
ENSG00000171790,-0.028365281,0.933577654
ENSG00000120915,0.032507172,0.933653215
ENSG00000036448,0.30248892,0.933682017
ENSG00000189159,-0.017189126,0.933951966
ENSG00000110025,-0.035139324,0.933992718
ENSG00000214595,0.019366041,0.934039276
ENSG00000212128,-0.039174717,0.934160302
ENSG00000196565,-0.117099219,0.93418247
ENSG00000167085,0.01727718,0.934236732
ENSG00000167925,-0.011318089,0.934238906
ENSG00000007255,-0.020271531,0.934245055
ENSG00000110075,-0.006342187,0.934258206
ENSG00000215251,0.007984206,0.934308031
ENSG00000186591,-0.038753248,0.934444218
ENSG00000118600,0.019369134,0.934486699
ENSG00000161021,0.013729493,0.934492774
ENSG00000119559,0.01164288,0.934503444
ENSG00000151292,-0.014952709,0.934515944
ENSG00000132792,0.010702517,0.934543574
ENSG00000162702,0.019122683,0.93475021
ENSG00000078237,-0.015805649,0.934841286
ENSG00000123983,0.009990464,0.934915986
ENSG00000196569,0.040445593,0.934969267
ENSG00000197816,-0.030778129,0.935087753
ENSG00000204390,0.017788842,0.935105841
ENSG00000118217,0.016046399,0.935117414
ENSG00000134152,0.019485824,0.935171215
ENSG00000182973,-0.008554423,0.935285498
ENSG00000132510,-0.03876879,0.93532943
ENSG00000182518,-0.031488761,0.935346686
ENSG00000147010,-0.009278149,0.935388973
ENSG00000122643,-0.021730067,0.935474859
ENSG00000262304,-0.114525849,0.935501502
ENSG00000223496,0.012712634,0.935502714
ENSG00000198121,-0.024159845,0.935503001
ENSG00000123091,-0.038791689,0.935513212
ENSG00000235106,-0.013016105,0.935553565
ENSG00000160124,0.027435957,0.935613025
ENSG00000166165,-0.046399872,0.935621232
ENSG00000180370,-0.016328267,0.935692918
ENSG00000028839,0.014432913,0.935697837
ENSG00000173207,-0.018987496,0.935734234
ENSG00000169217,-0.006266691,0.935783614
ENSG00000137221,-0.011681792,0.935787539
ENSG00000088832,-0.015149636,0.935803747
ENSG00000242028,0.012006612,0.935813605
ENSG00000223609,-0.074537724,0.935861717
ENSG00000198453,0.026121737,0.935888662
ENSG00000113558,-0.020551896,0.935996285
ENSG00000162302,-0.012340524,0.936060456
ENSG00000146457,-0.007752936,0.936084573
ENSG00000265491,-0.012198648,0.936120212
ENSG00000108523,0.007010429,0.936151501
ENSG00000184743,-0.010037151,0.936197086
ENSG00000143319,-0.007684729,0.936207779
ENSG00000203485,0.029217473,0.936340385
ENSG00000165061,-0.071750047,0.936352395
ENSG00000177688,-0.025440374,0.936523415
ENSG00000166200,0.014128486,0.936527033
ENSG00000042429,0.009022987,0.936556396
ENSG00000127951,-0.018111976,0.936638825
ENSG00000188186,0.016398813,0.936694769
ENSG00000151748,-0.011706072,0.936732764
ENSG00000152291,0.013241099,0.936768465
ENSG00000203880,0.012048165,0.936818289
ENSG00000100014,0.007616675,0.936854997
ENSG00000196914,-0.038379103,0.936858621
ENSG00000140396,0.01448248,0.936955007
ENSG00000213390,-0.01436521,0.936969036
ENSG00000105778,-0.011605782,0.937007235
ENSG00000116874,0.018357424,0.937088398
ENSG00000168872,-0.011245847,0.937164821
ENSG00000170860,-0.022905742,0.937287564
ENSG00000162241,0.015607792,0.937369361
ENSG00000168000,-0.024220745,0.937383028
ENSG00000163960,0.013104742,0.937410573
ENSG00000136436,0.012490077,0.93741722
ENSG00000143811,-0.009684441,0.937433372
ENSG00000181704,-0.022931388,0.937455889
ENSG00000059573,0.017529458,0.937468854
ENSG00000135540,-0.026953781,0.937545851
ENSG00000170759,-0.008570312,0.9375485
ENSG00000113811,-0.025284237,0.937555976
ENSG00000064961,0.011317873,0.937649121
ENSG00000159377,-0.009562373,0.937673328
ENSG00000122696,-0.01379445,0.937686308
ENSG00000213221,-0.02219191,0.937725866
ENSG00000125630,0.010707239,0.93779149
ENSG00000008226,0.018028995,0.937862659
ENSG00000105229,-0.012268254,0.937863712
ENSG00000142235,-0.035331227,0.937977787
ENSG00000111229,-0.014426139,0.938007074
ENSG00000177728,0.013171412,0.938082158
ENSG00000122986,0.0187855,0.938167625
ENSG00000153406,0.02456796,0.938167729
ENSG00000171649,0.033558181,0.938196303
ENSG00000187601,0.019885717,0.938359987
ENSG00000153147,-0.00981102,0.938391184
ENSG00000125740,-0.036939017,0.938456941
ENSG00000138095,-0.011310616,0.938465152
ENSG00000186105,-0.019924527,0.938498142
ENSG00000123552,0.014199372,0.93853007
ENSG00000141698,0.027394521,0.938631978
ENSG00000117713,-0.020156051,0.938738399
ENSG00000107625,0.015223966,0.93876622
ENSG00000104976,-0.014482468,0.938785317
ENSG00000007944,-0.012128312,0.938891447
ENSG00000197483,0.019950109,0.9389625
ENSG00000125755,0.013231965,0.939196248
ENSG00000151929,0.020631012,0.939219813
ENSG00000182197,-0.0158342,0.939222626
ENSG00000134317,0.027339163,0.939362358
ENSG00000171813,-0.019690817,0.939424481
ENSG00000067704,-0.008589753,0.939463595
ENSG00000197024,-0.007415464,0.939495618
ENSG00000185043,0.008961159,0.939546251
ENSG00000101888,-0.019279367,0.939641242
ENSG00000130811,-0.011285678,0.939642639
ENSG00000198400,-0.044529801,0.939663615
ENSG00000185475,-0.009919183,0.939685031
ENSG00000188315,-0.019363566,0.939709777
ENSG00000078967,0.015493427,0.939770027
ENSG00000281028,-0.07801249,0.939801078
ENSG00000184867,0.033705014,0.939833513
ENSG00000068323,-0.023104666,0.939834995
ENSG00000244486,0.036854685,0.939996881
ENSG00000131351,0.017107394,0.94001349
ENSG00000154928,0.028285188,0.940048775
ENSG00000162813,-0.015751594,0.940067302
ENSG00000077097,0.009261434,0.940079288
ENSG00000111087,-0.030924229,0.940098348
ENSG00000072958,0.008223738,0.940168459
ENSG00000055332,-0.02705332,0.940190285
ENSG00000136878,-0.009023106,0.940228128
ENSG00000110321,0.00537942,0.940291336
ENSG00000117266,0.042812054,0.940309258
ENSG00000243678,0.018381605,0.940352991
ENSG00000163138,0.017497427,0.940409899
ENSG00000204923,-0.015781632,0.940548446
ENSG00000100219,0.018871253,0.940614177
ENSG00000102445,0.026031699,0.940615677
ENSG00000162923,0.024143256,0.940656471
ENSG00000090621,-0.009627897,0.940759646
ENSG00000196436,-0.046137197,0.940766103
ENSG00000055070,0.006824564,0.940798102
ENSG00000117560,0.030756634,0.940843363
ENSG00000106701,0.02076757,0.940874247
ENSG00000162924,-0.012292944,0.940948619
ENSG00000116729,0.037232068,0.940971961
ENSG00000112081,-0.008809913,0.941166107
ENSG00000122566,0.008342089,0.941257924
ENSG00000152207,0.033053087,0.941276968
ENSG00000090554,0.018182984,0.941370092
ENSG00000187742,0.010177635,0.941480963
ENSG00000171490,-0.015047816,0.941515657
ENSG00000151092,0.006887985,0.941555666
ENSG00000105185,-0.013764867,0.941632361
ENSG00000107862,0.010798307,0.94165346
ENSG00000272886,0.005916671,0.941709826
ENSG00000197879,-0.015904071,0.941712234
ENSG00000003137,-0.099599415,0.941719723
ENSG00000137628,-0.027710729,0.941881543
ENSG00000170545,0.014284207,0.941893908
ENSG00000136715,-0.013371498,0.941904465
ENSG00000101310,-0.008321939,0.94191777
ENSG00000175505,-0.026418618,0.941921168
ENSG00000164111,0.014640228,0.941924746
ENSG00000135519,-0.028250685,0.942006115
ENSG00000170779,-0.015848907,0.942048161
ENSG00000137817,0.010326168,0.942097928
ENSG00000147130,-0.014401704,0.942140093
ENSG00000198429,-0.023371933,0.942187262
ENSG00000033800,0.009803216,0.942207279
ENSG00000173193,-0.025129031,0.942259104
ENSG00000177000,-0.010687626,0.942326374
ENSG00000144674,0.010967205,0.94236196
ENSG00000065559,0.014450136,0.942437157
ENSG00000144713,0.017078624,0.942478984
ENSG00000172375,0.01207798,0.942485538
ENSG00000173614,-0.015059376,0.942495716
ENSG00000105245,0.024628166,0.942536248
ENSG00000147231,0.028649963,0.94256751
ENSG00000146757,-0.023104578,0.942744802
ENSG00000134308,0.016234573,0.942845988
ENSG00000123136,-0.007821392,0.942855612
ENSG00000114346,-0.017068636,0.942885749
ENSG00000109118,-0.016195196,0.942899687
ENSG00000078795,-0.024101122,0.942906382
ENSG00000196683,-0.022617364,0.943019312
ENSG00000189079,0.011087989,0.943054756
ENSG00000151692,0.015344679,0.943102348
ENSG00000146021,0.017424369,0.943164119
ENSG00000083457,-0.014554348,0.943202183
ENSG00000206047,-0.063155259,0.943247905
ENSG00000141741,-0.010517007,0.9432519
ENSG00000148331,0.008064742,0.943296255
ENSG00000136754,0.008713972,0.943322701
ENSG00000141968,-0.011813877,0.943335865
ENSG00000105607,-0.010733002,0.943466084
ENSG00000173064,-0.018383368,0.943654651
ENSG00000176293,-0.045701932,0.943718861
ENSG00000133302,0.010715705,0.943778807
ENSG00000174136,0.052520114,0.943790051
ENSG00000158352,-0.039617076,0.94381485
ENSG00000241343,0.024243718,0.943841213
ENSG00000071564,-0.015356572,0.94387996
ENSG00000197841,-0.019865048,0.943905078
ENSG00000196787,0.020388855,0.943946201
ENSG00000140263,0.028464237,0.943981721
ENSG00000198176,0.037834492,0.943988161
ENSG00000117543,0.01836514,0.944011725
ENSG00000214046,-0.007703203,0.944020921
ENSG00000258472,-0.024288114,0.944158079
ENSG00000071073,0.010292815,0.944211286
ENSG00000170881,0.011051958,0.944211458
ENSG00000263264,0.013583704,0.944300546
ENSG00000174004,-0.01683181,0.944341043
ENSG00000119698,-0.050215197,0.944423367
ENSG00000105640,0.01584024,0.944664204
ENSG00000109171,-0.007123218,0.944780336
ENSG00000278259,-0.012703097,0.944873299
ENSG00000167088,0.016612587,0.944881851
ENSG00000173372,-0.030603719,0.944918045
ENSG00000196378,0.018179936,0.944951246
ENSG00000162368,-0.011486156,0.945020098
ENSG00000132254,0.007977249,0.94516548
ENSG00000121964,-0.010876261,0.945174521
ENSG00000145743,0.010479543,0.945336598
ENSG00000138080,-0.019401524,0.9453445
ENSG00000145476,-0.014253455,0.945381702
ENSG00000185163,0.013808947,0.945389016
ENSG00000078053,-0.023055396,0.94546923
ENSG00000084072,-0.013327295,0.945495677
ENSG00000133424,-0.028642383,0.945578281
ENSG00000264668,-0.082599628,0.945578282
ENSG00000134851,-0.009025502,0.945585899
ENSG00000168461,-0.019719349,0.945689411
ENSG00000125821,-0.015305027,0.945724201
ENSG00000151789,0.035714134,0.945859847
ENSG00000176170,0.025231051,0.945868053
ENSG00000168301,-0.013587534,0.945905161
ENSG00000104889,-0.019640025,0.945976144
ENSG00000175348,0.011136087,0.946131236
ENSG00000112651,0.015990999,0.946151668
ENSG00000167377,0.020302635,0.946229808
ENSG00000271383,-0.016241067,0.946351253
ENSG00000100678,-0.034194342,0.946389817
ENSG00000119820,0.010764062,0.946402122
ENSG00000160813,0.012340097,0.946453399
ENSG00000163463,0.011641328,0.946498816
ENSG00000144136,0.010483499,0.946724874
ENSG00000254415,0.142944375,0.946916483
ENSG00000235272,0.03894924,0.946941413
ENSG00000138111,0.015079521,0.947041545
ENSG00000079435,0.017227871,0.947086343
ENSG00000149636,-0.012835835,0.947115244
ENSG00000123684,-0.011823328,0.947414894
ENSG00000185515,0.00871653,0.947417348
ENSG00000107242,-0.026564831,0.947428369
ENSG00000079387,-0.008033067,0.947468916
ENSG00000170185,0.006823146,0.947469047
ENSG00000158669,0.006894542,0.947484141
ENSG00000241685,0.008024361,0.947586699
ENSG00000179846,-0.034340108,0.947587745
ENSG00000178163,0.017222944,0.947687515
ENSG00000063601,0.006714063,0.947776001
ENSG00000136111,-0.024163251,0.947838213
ENSG00000104946,0.012741511,0.94797425
ENSG00000183617,-0.013975531,0.947987378
ENSG00000132406,0.014740468,0.948024106
ENSG00000218819,0.050806021,0.948123831
ENSG00000182199,0.010938858,0.94830908
ENSG00000148153,-0.007221787,0.94832784
ENSG00000013503,-0.010817163,0.948350824
ENSG00000163714,-0.008418727,0.948376556
ENSG00000100336,0.032998085,0.948379119
ENSG00000181638,0.015329119,0.948402469
ENSG00000129187,-0.011896342,0.948436298
ENSG00000243566,0.038011851,0.948443603
ENSG00000112599,-0.030219767,0.948550797
ENSG00000122741,0.013258011,0.948562331
ENSG00000070759,-0.010570082,0.948723128
ENSG00000154620,0.018044234,0.948738894
ENSG00000106823,0.046138466,0.948924515
ENSG00000159131,0.008941364,0.948949091
ENSG00000105926,-0.011156954,0.948988668
ENSG00000113083,-0.023529437,0.94901107
ENSG00000140577,-0.008067737,0.949065555
ENSG00000138398,0.011084451,0.94910545
ENSG00000144283,-0.010648391,0.94911529
ENSG00000165115,0.025152048,0.949265284
ENSG00000149554,0.020784546,0.949282812
ENSG00000164889,-0.008726246,0.949362997
ENSG00000127083,-0.034881821,0.949363269
ENSG00000106404,0.011095433,0.949388055
ENSG00000135018,-0.01023504,0.949418431
ENSG00000171105,-0.018218678,0.949526279
ENSG00000149548,0.022116635,0.949540006
ENSG00000284526,-0.029262766,0.949599054
ENSG00000254996,-0.021818285,0.949663207
ENSG00000158615,0.006379946,0.949676778
ENSG00000138336,-0.017205075,0.949683317
ENSG00000142864,-0.007303013,0.949718799
ENSG00000118369,0.012669196,0.949761745
ENSG00000283199,-0.027341985,0.949773932
ENSG00000146433,-0.013979173,0.949837323
ENSG00000104679,0.010409755,0.94987972
ENSG00000151208,-0.024606413,0.949986119
ENSG00000163636,0.005828422,0.949998465
ENSG00000085433,0.008756544,0.950038151
ENSG00000110079,-0.028530357,0.950089289
ENSG00000135473,-0.011151043,0.950104096
ENSG00000143314,0.016933469,0.95011933
ENSG00000099821,-0.010447574,0.950241118
ENSG00000166783,-0.019275898,0.950242207
ENSG00000187522,-0.013466967,0.950304594
ENSG00000057757,-0.040940322,0.950390287
ENSG00000092208,0.016725099,0.950394538
ENSG00000106244,0.00793514,0.950400289
ENSG00000104980,-0.010104135,0.950432612
ENSG00000270882,0.017841426,0.950481845
ENSG00000084112,0.011240692,0.950560139
ENSG00000161800,-0.014690135,0.950613288
ENSG00000169629,0.013362866,0.950658816
ENSG00000036257,0.008488465,0.950708514
ENSG00000020426,-0.014822427,0.950824022
ENSG00000135926,-0.0123828,0.950852579
ENSG00000123505,0.010660852,0.950954904
ENSG00000170049,0.022833343,0.950962195
ENSG00000115944,0.008882411,0.951157848
ENSG00000105609,0.04516571,0.951201301
ENSG00000102030,-0.008101039,0.951220456
ENSG00000117016,-0.015361935,0.951221029
ENSG00000160256,0.016990227,0.95129474
ENSG00000171763,-0.009821796,0.951345276
ENSG00000063176,0.010805332,0.951349985
ENSG00000156515,0.02839216,0.951392989
ENSG00000184281,0.009071519,0.951577933
ENSG00000137449,-0.013907074,0.951598358
ENSG00000198879,0.014340375,0.951654836
ENSG00000111181,0.028560324,0.951708209
ENSG00000170325,0.008910703,0.951818592
ENSG00000103044,-0.012761929,0.951821132
ENSG00000176994,0.005884087,0.951863974
ENSG00000074071,-0.009648826,0.951866922
ENSG00000166619,0.006053589,0.951901097
ENSG00000136842,-0.037762729,0.951920713
ENSG00000117010,0.021616756,0.952043269
ENSG00000168556,-0.016476114,0.952076312
ENSG00000139641,-0.011867961,0.952086452
ENSG00000012048,-0.012303891,0.952162703
ENSG00000140265,-0.010954106,0.952175145
ENSG00000112695,-0.014980012,0.952196046
ENSG00000149476,0.009535545,0.952280523
ENSG00000135604,-0.014334949,0.952285103
ENSG00000145979,0.012021715,0.952297511
ENSG00000152217,-0.021293614,0.952303305
ENSG00000198851,-0.015392401,0.952450996
ENSG00000188612,-0.010716362,0.952474329
ENSG00000178295,-0.010281759,0.952494773
ENSG00000087274,-0.011597273,0.952515099
ENSG00000212719,0.014924437,0.952562612
ENSG00000147533,-0.008997937,0.952666431
ENSG00000167548,-0.022821437,0.95282388
ENSG00000169733,0.009399713,0.952997343
ENSG00000124783,0.007575443,0.953006545
ENSG00000103154,0.047814275,0.953128821
ENSG00000114861,0.008141679,0.953130206
ENSG00000100462,0.012712318,0.95319097
ENSG00000133739,-0.019940393,0.953218574
ENSG00000111907,-0.030100106,0.953299964
ENSG00000198912,0.009608695,0.953467019
ENSG00000167196,-0.009355918,0.95348902
ENSG00000133835,0.007659215,0.953574603
ENSG00000183621,0.019858638,0.953604052
ENSG00000184898,-0.013992336,0.953736211
ENSG00000143570,0.008804848,0.953778538
ENSG00000087470,0.007176306,0.953794937
ENSG00000157326,0.011420056,0.953818163
ENSG00000148341,-0.012303749,0.95388012
ENSG00000114956,-0.009665952,0.95396225
ENSG00000105647,-0.022204054,0.954008398
ENSG00000128513,0.009958294,0.954010091
ENSG00000220008,0.023500477,0.954141981
ENSG00000171643,-0.020629083,0.954163335
ENSG00000096093,-0.011295541,0.954192456
ENSG00000184260,-0.011135741,0.954249846
ENSG00000167674,-0.009332181,0.95425893
ENSG00000069345,0.010920966,0.954338942
ENSG00000135597,0.007871688,0.954440446
ENSG00000166401,0.01031118,0.95446689
ENSG00000121022,-0.005135292,0.954521
ENSG00000115594,-0.029648743,0.954561233
ENSG00000163832,0.012905589,0.954587248
ENSG00000165030,-0.015715549,0.954659599
ENSG00000089220,0.013043689,0.95473868
ENSG00000035687,0.006643775,0.954776842
ENSG00000261150,0.038300986,0.954794427
ENSG00000101782,-0.03193489,0.954805129
ENSG00000115318,-0.013883139,0.954816671
ENSG00000148848,0.029168508,0.954849308
ENSG00000198346,-0.018518694,0.954893796
ENSG00000118680,0.010971051,0.954988275
ENSG00000135972,0.014021652,0.955012379
ENSG00000164190,0.009835557,0.955014015
ENSG00000136381,0.005799259,0.955037036
ENSG00000130204,-0.009440995,0.955081177
ENSG00000196975,0.010138682,0.955100015
ENSG00000261221,0.020038584,0.955118784
ENSG00000126787,-0.034326157,0.955141749
ENSG00000176715,0.007572479,0.95514623
ENSG00000070501,0.011193684,0.955157279
ENSG00000079616,0.008177597,0.955161683
ENSG00000173821,0.015465064,0.955226017
ENSG00000065923,0.012791283,0.955252226
ENSG00000143184,0.033712342,0.955580651
ENSG00000096433,0.014449556,0.955688152
ENSG00000150401,-0.007725113,0.955718318
ENSG00000173218,-0.017689987,0.955770652
ENSG00000169018,-0.006713887,0.955797161
ENSG00000185608,-0.016224917,0.955841437
ENSG00000152969,0.028341484,0.9559369
ENSG00000163867,0.007041803,0.955954987
ENSG00000089048,0.016508035,0.955994878
ENSG00000205744,-0.008419031,0.956010133
ENSG00000066557,0.01246417,0.956055392
ENSG00000150455,0.010498396,0.956108637
ENSG00000152443,-0.011181618,0.956126192
ENSG00000088970,-0.006779427,0.956126728
ENSG00000104343,0.00974332,0.956142197
ENSG00000090447,-0.011954893,0.956239272
ENSG00000078747,-0.006983935,0.956264425
ENSG00000119777,-0.009161176,0.956291307
ENSG00000170627,-0.028562468,0.956530675
ENSG00000265817,-0.033750346,0.95655767
ENSG00000129680,-0.010395574,0.956661099
ENSG00000138380,0.010115847,0.956699626
ENSG00000155666,0.011664742,0.956715484
ENSG00000118689,-0.028415252,0.956874621
ENSG00000171262,0.012435808,0.956890205
ENSG00000067840,-0.022189751,0.956939836
ENSG00000156482,0.015423642,0.956959849
ENSG00000080845,-0.011284392,0.956969845
ENSG00000213047,0.011372919,0.957030858
ENSG00000011376,0.0090314,0.957031155
ENSG00000148175,0.022768506,0.957044583
ENSG00000141664,0.016171432,0.95706992
ENSG00000162194,-0.012573863,0.957088884
ENSG00000164081,0.008007318,0.957152632
ENSG00000188747,0.025433792,0.957174589
ENSG00000206535,-0.021643125,0.957196407
ENSG00000196262,-0.012391335,0.957289513
ENSG00000263956,-0.010332355,0.957331474
ENSG00000101464,0.009587737,0.957493939
ENSG00000185010,0.011532092,0.957512232
ENSG00000124562,0.010743663,0.957638934
ENSG00000131044,-0.020774531,0.957713252
ENSG00000204469,0.011246238,0.957754357
ENSG00000156030,-0.009845789,0.957838478
ENSG00000138778,0.017751999,0.957962198
ENSG00000145740,0.006466266,0.957965068
ENSG00000070444,0.010514841,0.957988275
ENSG00000170464,0.014942503,0.957992335
ENSG00000148834,0.008126576,0.958110655
ENSG00000115091,-0.006119137,0.958139084
ENSG00000186111,0.010838219,0.958293069
ENSG00000132024,0.009390757,0.958312674
ENSG00000124701,0.017084552,0.958359129
ENSG00000157895,0.009523324,0.95837877
ENSG00000065427,-0.007869623,0.958439901
ENSG00000137261,-0.028917137,0.958519022
ENSG00000101842,-0.027653078,0.958523047
ENSG00000039319,-0.013763881,0.958547432
ENSG00000168487,0.016843841,0.958573509
ENSG00000134056,-0.012951955,0.958603325
ENSG00000183019,0.033271684,0.958629116
ENSG00000184162,-0.011233753,0.958683433
ENSG00000114491,0.008564626,0.958764373
ENSG00000101346,0.007023092,0.958782705
ENSG00000126351,0.008235149,0.958839915
ENSG00000100372,-0.009797161,0.958861837
ENSG00000171135,-0.008065218,0.958948863
ENSG00000168061,0.01459262,0.959143344
ENSG00000136560,0.009200912,0.959220951
ENSG00000169813,-0.005631372,0.959232543
ENSG00000167720,-0.019138048,0.959236965
ENSG00000109046,0.00926586,0.9592594
ENSG00000169714,0.007369423,0.959394552
ENSG00000143947,0.017980341,0.959424363
ENSG00000244509,0.011079147,0.959465563
ENSG00000120055,-0.022284676,0.959495581
ENSG00000198482,0.008303378,0.959511308
ENSG00000140022,-0.016683752,0.959536646
ENSG00000187961,-0.014723202,0.959580899
ENSG00000164011,0.008951781,0.959598801
ENSG00000080608,0.011347672,0.959619151
ENSG00000005100,0.009293302,0.959627824
ENSG00000143882,-0.019867607,0.9597171
ENSG00000173825,0.02060491,0.959774196
ENSG00000178033,0.026723324,0.959906641
ENSG00000132329,0.033102988,0.960036969
ENSG00000198046,0.039266935,0.960149053
ENSG00000155962,-0.022349359,0.960161932
ENSG00000170832,-0.014807598,0.96017592
ENSG00000278615,-0.011344707,0.960233565
ENSG00000187446,-0.010536041,0.960254819
ENSG00000072071,-0.009877572,0.960323482
ENSG00000105705,-0.00558873,0.960388225
ENSG00000120675,-0.014424827,0.960400391
ENSG00000146463,0.006629038,0.960413697
ENSG00000198301,-0.009211127,0.96041945
ENSG00000039523,0.016313223,0.96047008
ENSG00000106809,-0.029688305,0.960507627
ENSG00000179456,0.01118713,0.960585794
ENSG00000139194,0.028821735,0.960602362
ENSG00000044446,-0.007523557,0.960692071
ENSG00000214113,-0.009845884,0.960749081
ENSG00000120784,0.022765966,0.960761606
ENSG00000167173,0.015494207,0.96081492
ENSG00000119514,0.01230134,0.960993098
ENSG00000103591,0.006993449,0.961037854
ENSG00000114270,-0.024222345,0.961095489
ENSG00000135535,-0.006156172,0.961112003
ENSG00000146085,0.005952333,0.961361398
ENSG00000271503,-0.018243487,0.961395461
ENSG00000126822,-0.009173868,0.961463203
ENSG00000141510,0.006742198,0.961571349
ENSG00000074319,-0.009103067,0.961604666
ENSG00000205629,-0.007998409,0.961701374
ENSG00000198863,-0.006697181,0.961702376
ENSG00000157734,-0.011758529,0.96175155
ENSG00000189043,0.016009426,0.96175191
ENSG00000111790,0.008511708,0.961803844
ENSG00000145423,-0.031925479,0.961806671
ENSG00000105393,0.017137074,0.961806989
ENSG00000066827,-0.005444628,0.961823261
ENSG00000187049,0.008857454,0.961966676
ENSG00000188649,0.017620642,0.96213341
ENSG00000118162,0.019535074,0.962180002
ENSG00000145868,-0.005627426,0.96225889
ENSG00000185278,-0.005771746,0.962327038
ENSG00000113734,0.016058358,0.962337078
ENSG00000100129,0.008331915,0.962346768
ENSG00000256229,-0.016002385,0.962382208
ENSG00000106153,0.009497585,0.962415621
ENSG00000167635,0.008039811,0.962519861
ENSG00000132182,-0.01009432,0.962553715
ENSG00000104518,-0.0064898,0.962711942
ENSG00000112294,0.023521364,0.962812048
ENSG00000110888,-0.011224079,0.962870067
ENSG00000189308,-0.005752978,0.962903422
ENSG00000139517,0.007295284,0.962906012
ENSG00000175792,0.008433886,0.962933263
ENSG00000240857,0.012114803,0.962965297
ENSG00000109339,-0.018490874,0.963012377
ENSG00000169385,-0.018866567,0.963072443
ENSG00000142599,-0.013539891,0.963125794
ENSG00000167740,0.009789564,0.963162132
ENSG00000197971,0.007256449,0.963172837
ENSG00000137547,0.014818694,0.963175208
ENSG00000144118,0.012172534,0.963378539
ENSG00000169592,0.006305715,0.963396801
ENSG00000257949,-0.009563488,0.963414444
ENSG00000277775,-0.021145907,0.96342151
ENSG00000100628,0.018920992,0.96362551
ENSG00000100116,-0.024642636,0.963648143
ENSG00000115956,0.005858056,0.963708107
ENSG00000163660,-0.007421551,0.963718789
ENSG00000184574,-0.017264237,0.963748613
ENSG00000213741,0.014454933,0.96376445
ENSG00000116213,0.005762752,0.963873944
ENSG00000237651,-0.025286785,0.963897692
ENSG00000109929,-0.011561468,0.964008476
ENSG00000185219,0.00814606,0.964202249
ENSG00000147874,0.006075542,0.964244021
ENSG00000169136,-0.012985291,0.964365396
ENSG00000171202,-0.017768643,0.964373532
ENSG00000113593,-0.006302291,0.964398555
ENSG00000160685,0.009033744,0.964414948
ENSG00000167186,-0.005901178,0.964468312
ENSG00000012983,0.010070217,0.964475228
ENSG00000113749,0.019607289,0.964538896
ENSG00000167615,0.011436527,0.964657517
ENSG00000163399,-0.005732017,0.964694569
ENSG00000144455,-0.0046576,0.964742952
ENSG00000178038,-0.019270375,0.964872245
ENSG00000102921,-0.009778418,0.964956175
ENSG00000172765,-0.011697216,0.964974198
ENSG00000103489,-0.008050195,0.965026067
ENSG00000173011,-0.005292745,0.965068238
ENSG00000172081,-0.010671207,0.965208294
ENSG00000096070,0.007778298,0.965350066
ENSG00000152642,-0.008140756,0.965372498
ENSG00000103642,-0.008144477,0.965425735
ENSG00000132109,-0.00850233,0.965629502
ENSG00000125772,0.009537285,0.965644943
ENSG00000101199,0.005077678,0.96569755
ENSG00000107614,0.009638535,0.965782726
ENSG00000204231,0.00714672,0.965853565
ENSG00000070495,-0.006720114,0.965862598
ENSG00000163466,0.005612614,0.965885641
ENSG00000082438,-0.010281697,0.965910574
ENSG00000125551,-0.038396641,0.965936947
ENSG00000255833,-0.018750158,0.965953038
ENSG00000169372,-0.007608655,0.965967599
ENSG00000185504,0.006113062,0.965968041
ENSG00000125166,-0.007060575,0.966016828
ENSG00000139200,0.017087696,0.966017972
ENSG00000128272,-0.004818556,0.966100468
ENSG00000007202,-0.003633717,0.966145856
ENSG00000020633,-0.011712875,0.966169785
ENSG00000149527,0.013523632,0.966329467
ENSG00000114013,0.009940665,0.966365596
ENSG00000138031,0.008604677,0.966391916
ENSG00000183150,0.019339126,0.966409822
ENSG00000155966,0.012963725,0.966424229
ENSG00000099968,0.009504895,0.96656214
ENSG00000113916,0.016057234,0.966628434
ENSG00000075275,-0.020905741,0.966759206
ENSG00000121691,-0.012926644,0.966767111
ENSG00000153561,-0.01101324,0.966796011
ENSG00000169857,-0.010373345,0.966808779
ENSG00000205189,-0.00843572,0.96681612
ENSG00000174007,0.013140043,0.966885946
ENSG00000106052,0.008479864,0.966969919
ENSG00000176390,-0.006138071,0.967006717
ENSG00000135316,-0.005237994,0.967019712
ENSG00000185728,0.004443045,0.967025764
ENSG00000115241,0.004697954,0.96707668
ENSG00000019995,-0.011569552,0.967077784
ENSG00000161847,-0.008674614,0.96709126
ENSG00000255398,-0.016596369,0.96713099
ENSG00000127666,0.008011459,0.967135376
ENSG00000152620,0.00797636,0.967155975
ENSG00000111875,-0.007219301,0.967238482
ENSG00000168496,0.010532232,0.967322473
ENSG00000125454,0.009416668,0.967409034
ENSG00000116754,0.004795052,0.967455311
ENSG00000172349,0.005393332,0.967536963
ENSG00000184634,-0.009523846,0.967556002
ENSG00000154153,0.01561073,0.967769886
ENSG00000101557,0.007372493,0.967803975
ENSG00000187474,0.01891922,0.967842346
ENSG00000166529,0.008912464,0.967941578
ENSG00000254673,0.049881948,0.967942516
ENSG00000125249,-0.015202634,0.968079499
ENSG00000212126,0.016879323,0.968153116
ENSG00000258289,-0.008100954,0.968161432
ENSG00000088038,-0.009518742,0.968186862
ENSG00000164530,0.01944319,0.968220072
ENSG00000167642,0.009828427,0.968262881
ENSG00000197385,-0.022162808,0.968356523
ENSG00000214954,0.013263912,0.968358124
ENSG00000164978,-0.012602035,0.968361701
ENSG00000153071,-0.012587558,0.96842065
ENSG00000138760,-0.006285754,0.968445096
ENSG00000152128,0.015438466,0.968539202
ENSG00000138107,0.00441259,0.968559902
ENSG00000120942,0.007368636,0.9685654
ENSG00000244274,-0.01106221,0.968636035
ENSG00000144152,0.016822997,0.968708265
ENSG00000136240,-0.005375416,0.968715047
ENSG00000090382,0.010001954,0.968780395
ENSG00000132286,-0.005435395,0.968860417
ENSG00000274070,-0.016893954,0.968925865
ENSG00000164168,0.004283781,0.968931736
ENSG00000172336,-0.009462769,0.968943162
ENSG00000149489,0.017533884,0.968959051
ENSG00000049769,0.010498131,0.968966028
ENSG00000175029,-0.008698547,0.969032793
ENSG00000136542,0.022990017,0.969038523
ENSG00000143256,0.010395179,0.969048945
ENSG00000185112,-0.010847246,0.969066981
ENSG00000140323,-0.012399643,0.969085557
ENSG00000118564,-0.00917821,0.969115713
ENSG00000278195,-0.021896321,0.969119755
ENSG00000198763,0.012799904,0.969144485
ENSG00000102054,0.005510507,0.969267018
ENSG00000160298,0.010505099,0.969271018
ENSG00000164548,0.004696049,0.969273254
ENSG00000179134,0.010307828,0.969397421
ENSG00000135932,0.006477813,0.969626609
ENSG00000168066,-0.005636125,0.969677454
ENSG00000198646,-0.008708192,0.969686373
ENSG00000214756,-0.008156911,0.969823066
ENSG00000198793,-0.003954346,0.969824777
ENSG00000178694,-0.010965165,0.97000152
ENSG00000100105,-0.005941749,0.9700102
ENSG00000240344,-0.009095193,0.970113213
ENSG00000158813,-0.031441978,0.970133194
ENSG00000254788,-0.013433954,0.970288518
ENSG00000188171,-0.023666442,0.970315143
ENSG00000166333,0.005686062,0.970447028
ENSG00000135845,-0.017677451,0.970481905
ENSG00000230257,0.01910097,0.970544404
ENSG00000114745,0.006405666,0.970552029
ENSG00000133800,-0.016733511,0.970562309
ENSG00000109680,0.012565906,0.970767782
ENSG00000159753,0.008838792,0.970890746
ENSG00000256671,0.027111132,0.970896615
ENSG00000112787,0.008736442,0.970969648
ENSG00000123737,-0.006121905,0.971289195
ENSG00000167110,-0.00535998,0.971299845
ENSG00000096996,0.007690905,0.971312364
ENSG00000197992,0.015127651,0.97131963
ENSG00000116750,-0.006839311,0.971319955
ENSG00000166484,-0.005403892,0.971420528
ENSG00000072840,-0.015586721,0.97153691
ENSG00000165275,0.006482187,0.9717713
ENSG00000114978,-0.003709297,0.971810481
ENSG00000075785,0.006566666,0.971941548
ENSG00000102967,0.005608187,0.972055952
ENSG00000004777,-0.013569494,0.972146557
ENSG00000055917,-0.00412622,0.972198604
ENSG00000106399,-0.008140688,0.97227395
ENSG00000118960,0.004974699,0.972321644
ENSG00000165219,-0.005636354,0.972324206
ENSG00000122565,-0.006149827,0.972328481
ENSG00000139842,0.009480733,0.972347841
ENSG00000112343,-0.005152474,0.972418454
ENSG00000101639,0.004177552,0.97242616
ENSG00000235750,-0.006825333,0.972453466
ENSG00000130726,-0.00448976,0.972469839
ENSG00000204843,-0.003118382,0.972550753
ENSG00000182621,-0.008590334,0.972745422
ENSG00000152404,-0.005296391,0.972775031
ENSG00000178700,0.006411622,0.972782054
ENSG00000104381,0.022100743,0.972854465
ENSG00000173114,-0.018557207,0.972884667
ENSG00000091136,-0.009303553,0.972901473
ENSG00000171714,0.015833978,0.972978497
ENSG00000084652,0.004553699,0.973053355
ENSG00000256188,0.009748338,0.973135853
ENSG00000082074,-0.006289112,0.973138585
ENSG00000151151,-0.00910578,0.973195872
ENSG00000101236,-0.012940883,0.97324299
ENSG00000101082,0.007219667,0.973280261
ENSG00000141655,0.014166746,0.973426639
ENSG00000198556,-0.005733548,0.973470945
ENSG00000176853,0.004051275,0.973538899
ENSG00000122873,-0.009954046,0.973622958
ENSG00000160299,-0.006069338,0.973673577
ENSG00000133706,-0.004671615,0.973829289
ENSG00000153310,-0.004731895,0.973895943
ENSG00000117448,-0.00552984,0.973897761
ENSG00000118579,-0.003081471,0.973949097
ENSG00000182318,-0.005384942,0.973949887
ENSG00000163848,0.003393636,0.973988296
ENSG00000114391,-0.008498756,0.974013531
ENSG00000189306,-0.006661451,0.974133619
ENSG00000188229,-0.006922131,0.974145509
ENSG00000105258,-0.008490464,0.974184921
ENSG00000163378,0.007060882,0.974198528
ENSG00000237441,-0.006552338,0.974203001
ENSG00000146872,-0.00314185,0.97422842
ENSG00000167522,0.005797243,0.974253612
ENSG00000113638,-0.005527028,0.974260765
ENSG00000122223,-0.009557961,0.974389407
ENSG00000105996,0.013518179,0.974502487
ENSG00000172366,0.006306332,0.974571284
ENSG00000156463,-0.028876238,0.97459392
ENSG00000136536,-0.004706185,0.974625502
ENSG00000064545,-0.006077412,0.974768316
ENSG00000105723,0.007425194,0.974776848
ENSG00000176014,-0.014178467,0.974791358
ENSG00000136280,-0.004480626,0.974864304
ENSG00000132005,0.009469162,0.974942081
ENSG00000188641,-0.005227017,0.974952958
ENSG00000179528,-0.014549629,0.974985971
ENSG00000188732,0.012174699,0.974997893
ENSG00000197043,-0.006662971,0.975083637
ENSG00000182154,-0.007725187,0.975085035
ENSG00000125995,-0.009301298,0.975106119
ENSG00000172232,0.021042715,0.975141619
ENSG00000065308,0.006034251,0.975190627
ENSG00000198218,-0.002840107,0.975296601
ENSG00000162892,-0.007673042,0.975329792
ENSG00000007237,-0.006871555,0.975351288
ENSG00000140406,-0.005295455,0.975379693
ENSG00000273703,-0.019020646,0.975395559
ENSG00000182180,0.004848418,0.975426635
ENSG00000130695,0.005996604,0.975555909
ENSG00000165724,0.006195422,0.975670842
ENSG00000112715,0.00912676,0.975932325
ENSG00000156599,-0.002613669,0.975942139
ENSG00000062194,-0.00342934,0.975968559
ENSG00000198792,-0.006870281,0.976036585
ENSG00000050426,-0.003974632,0.976127484
ENSG00000153107,-0.004291534,0.97614785
ENSG00000105373,0.008440678,0.976174984
ENSG00000160613,-0.00504864,0.976183924
ENSG00000116459,-0.005174428,0.976188845
ENSG00000156787,0.005951251,0.976227779
ENSG00000110074,-0.005764865,0.976349751
ENSG00000107902,0.006639846,0.976382367
ENSG00000257950,0.006755713,0.976540329
ENSG00000100813,-0.003065431,0.976611036
ENSG00000115234,-0.003271705,0.976685488
ENSG00000105849,-0.006776856,0.976705786
ENSG00000186020,0.00428218,0.976809775
ENSG00000198900,0.00764767,0.976818185
ENSG00000173402,-0.004660873,0.976827314
ENSG00000151117,-0.007295146,0.976847179
ENSG00000173786,-0.004478625,0.976870231
ENSG00000156299,0.007546691,0.976969035
ENSG00000221944,0.008283203,0.977003726
ENSG00000115392,-0.007146756,0.977040457
ENSG00000167535,0.008962822,0.977061072
ENSG00000274226,0.029822707,0.977068108
ENSG00000177426,0.006024183,0.977104711
ENSG00000113645,0.021913546,0.977113198
ENSG00000130414,0.002718017,0.977279429
ENSG00000173482,-0.013343013,0.977281769
ENSG00000184979,0.017387567,0.97730545
ENSG00000136859,0.01197912,0.977316304
ENSG00000100109,0.006033402,0.977342601
ENSG00000072849,0.002889644,0.977409887
ENSG00000122557,0.003444349,0.977511087
ENSG00000187609,0.006878515,0.977544161
ENSG00000106049,-0.006190345,0.977630116
ENSG00000100401,-0.003875152,0.977661458
ENSG00000168495,0.004521966,0.97768993
ENSG00000173465,-0.00673713,0.977724702
ENSG00000172830,0.006198792,0.977770203
ENSG00000115355,-0.004800706,0.977773948
ENSG00000167685,0.006228424,0.977788842
ENSG00000101773,-0.006736327,0.977864539
ENSG00000132530,-0.011959657,0.977896187
ENSG00000155085,0.005166079,0.977906974
ENSG00000169598,0.003404249,0.978161044
ENSG00000139631,0.007650337,0.978259881
ENSG00000120688,0.006034331,0.978260141
ENSG00000168803,0.005488623,0.97827082
ENSG00000164587,0.007623662,0.978282943
ENSG00000173535,-0.010350641,0.978318661
ENSG00000125430,0.006743832,0.978352023
ENSG00000142303,0.013290034,0.978494911
ENSG00000137814,-0.005335876,0.978537099
ENSG00000148842,-0.005421674,0.978568187
ENSG00000162769,0.006017371,0.978575431
ENSG00000221823,-0.007696565,0.978596732
ENSG00000140988,-0.005318512,0.978598935
ENSG00000087995,0.006461099,0.978831162
ENSG00000132004,0.009331707,0.978867538
ENSG00000166046,0.010215727,0.978873886
ENSG00000075914,-0.004292926,0.97896265
ENSG00000275464,-0.01525193,0.978966429
ENSG00000076053,-0.003708788,0.978982536
ENSG00000175216,-0.00355334,0.978990335
ENSG00000166839,-0.00787174,0.97904599
ENSG00000069275,0.004649372,0.979124065
ENSG00000119048,0.007916598,0.979154291
ENSG00000104324,0.006142186,0.979231654
ENSG00000166002,0.00718407,0.979314319
ENSG00000139946,0.006218913,0.979353267
ENSG00000176624,0.005409223,0.979472163
ENSG00000089280,0.007427155,0.979508199
ENSG00000158864,-0.003482731,0.979593244
ENSG00000055211,0.004096719,0.979664408
ENSG00000197557,0.007547986,0.979664461
ENSG00000145416,0.005181163,0.979754564
ENSG00000198554,-0.005670661,0.979774857
ENSG00000130810,-0.004776865,0.979807063
ENSG00000250571,-0.004827548,0.979969329
ENSG00000137770,-0.00254938,0.980083486
ENSG00000112200,-0.002805439,0.980084839
ENSG00000129691,0.004767367,0.98015647
ENSG00000108883,-0.002200362,0.980167849
ENSG00000107758,0.002672642,0.980180192
ENSG00000102978,-0.003613904,0.980198683
ENSG00000153066,0.00455631,0.980248527
ENSG00000012211,0.007683872,0.98026896
ENSG00000103037,0.004812371,0.980282659
ENSG00000213780,0.007002919,0.980329192
ENSG00000126217,0.013222418,0.980408715
ENSG00000240053,-0.008601244,0.980491889
ENSG00000254004,-0.005280596,0.980769505
ENSG00000151466,0.00463648,0.980784833
ENSG00000083635,-0.006126764,0.980803864
ENSG00000148019,-0.011108276,0.980861853
ENSG00000100380,0.008141163,0.980872765
ENSG00000163141,0.009718414,0.980881585
ENSG00000067829,-0.002766239,0.980918359
ENSG00000166323,0.007464671,0.980947039
ENSG00000131871,0.004941786,0.981009828
ENSG00000119408,-0.004880381,0.981021104
ENSG00000198039,0.005514534,0.981128205
ENSG00000197111,0.006474191,0.981181479
ENSG00000126860,0.007996064,0.98120478
ENSG00000164877,-0.011339306,0.981205285
ENSG00000212907,0.007878658,0.981205969
ENSG00000164050,0.009119378,0.981207623
ENSG00000265808,-0.002821087,0.981237247
ENSG00000115523,-0.012494689,0.981312291
ENSG00000160360,-0.009060208,0.981328069
ENSG00000176222,0.010538211,0.981423571
ENSG00000205060,-0.003855749,0.981551115
ENSG00000164985,0.002751981,0.981556011
ENSG00000124802,-0.007410047,0.981640431
ENSG00000131174,0.008175675,0.981642947
ENSG00000100379,0.005631238,0.98169814
ENSG00000130669,-0.004702647,0.981819785
ENSG00000179344,-0.050535023,0.981842213
ENSG00000131116,0.004967544,0.981851198
ENSG00000165092,0.00682334,0.981868816
ENSG00000125648,0.007156623,0.981962796
ENSG00000155974,-0.006252684,0.982022463
ENSG00000100578,-0.002726076,0.982078271
ENSG00000280071,-0.009097763,0.982085764
ENSG00000103005,0.005336182,0.982294419
ENSG00000082014,0.004843512,0.982343131
ENSG00000285901,0.032015024,0.982366739
ENSG00000213658,-0.004055595,0.982463999
ENSG00000150990,-0.003927698,0.982635373
ENSG00000174358,0.023680176,0.982715937
ENSG00000154451,-0.007388266,0.982803637
ENSG00000155849,0.002888074,0.982829345
ENSG00000243749,0.005162385,0.982879598
ENSG00000183662,0.011095313,0.98292232
ENSG00000102302,0.007999197,0.983047051
ENSG00000129128,0.002889016,0.983062154
ENSG00000182534,-0.010980004,0.983207346
ENSG00000133742,-0.021390823,0.983238919
ENSG00000160191,-0.013740676,0.983371887
ENSG00000167994,-0.011275704,0.983387419
ENSG00000144596,0.007842317,0.983416183
ENSG00000101546,0.004775412,0.983420587
ENSG00000189134,0.011251201,0.983436257
ENSG00000138326,-0.007065172,0.983459165
ENSG00000204498,0.004786975,0.983495055
ENSG00000127445,0.003348377,0.983568814
ENSG00000156675,-0.005932566,0.983712516
ENSG00000115107,-0.005737274,0.983722872
ENSG00000137842,-0.003722,0.983759585
ENSG00000183684,0.002933755,0.98386684
ENSG00000167130,-0.003637184,0.983890175
ENSG00000126858,-0.003062499,0.98397818
ENSG00000117133,-0.004137845,0.983980829
ENSG00000113532,0.004371536,0.984048869
ENSG00000140403,0.008052373,0.984079023
ENSG00000119397,-0.002637838,0.9841765
ENSG00000163959,0.005581462,0.984349625
ENSG00000205476,0.002878546,0.984403798
ENSG00000153560,0.003227924,0.984487247
ENSG00000196141,0.008574821,0.984496983
ENSG00000123612,0.008656541,0.984617003
ENSG00000037241,-0.00807785,0.984665631
ENSG00000198574,0.009909851,0.98467286
ENSG00000116977,0.002365639,0.984678551
ENSG00000197555,-0.004964913,0.984701607
ENSG00000148655,-0.006132637,0.984705271
ENSG00000283765,-0.024065507,0.984732447
ENSG00000124191,0.013449936,0.984791259
ENSG00000113163,0.002190661,0.984871189
ENSG00000196576,0.005421563,0.984931348
ENSG00000165071,0.00387761,0.984992373
ENSG00000147174,0.004202758,0.985046696
ENSG00000167555,0.006478559,0.985143579
ENSG00000180667,-0.010942428,0.985265187
ENSG00000266094,-0.002269667,0.98529009
ENSG00000099795,0.004137176,0.985361484
ENSG00000212127,0.00642499,0.985395579
ENSG00000066739,-0.002708903,0.985662689
ENSG00000099290,0.002537291,0.985698175
ENSG00000089335,-0.004054866,0.98575254
ENSG00000101224,-0.00399771,0.985847702
ENSG00000157617,-0.002987964,0.985893587
ENSG00000115866,0.002538339,0.985938118
ENSG00000172667,-0.0023297,0.985976735
ENSG00000138434,-0.002731764,0.986012838
ENSG00000143951,-0.003497174,0.986030528
ENSG00000255439,-0.019952179,0.986132565
ENSG00000110318,-0.006820078,0.986239003
ENSG00000118276,-0.005012324,0.986270838
ENSG00000139218,0.002028517,0.986282965
ENSG00000079385,-0.005647153,0.98637632
ENSG00000131143,0.002921813,0.986547609
ENSG00000135624,-0.002576775,0.986548185
ENSG00000205531,0.003171845,0.986559611
ENSG00000131153,0.005250658,0.986612859
ENSG00000171631,0.01126805,0.986628043
ENSG00000150593,-0.001701785,0.986643981
ENSG00000213965,-0.002778246,0.98664421
ENSG00000128815,0.005561071,0.98670986
ENSG00000124103,-0.008269886,0.986723603
ENSG00000162601,0.002559215,0.98679272
ENSG00000197057,-0.010316637,0.986841482
ENSG00000136449,-0.010672173,0.986935346
ENSG00000164405,-0.003729215,0.987070126
ENSG00000162139,0.002021389,0.987092906
ENSG00000034713,0.006570007,0.987221259
ENSG00000125743,0.004728997,0.987223938
ENSG00000141385,-0.002070949,0.987326272
ENSG00000197128,-0.006500323,0.987377166
ENSG00000119655,-0.002791403,0.98738655
ENSG00000147400,0.005023922,0.987497005
ENSG00000134072,-0.00601884,0.987559031
ENSG00000119686,-0.003237735,0.987631435
ENSG00000171817,0.005576364,0.987636378
ENSG00000174945,-0.005521047,0.987649862
ENSG00000183576,0.001928462,0.987682219
ENSG00000103335,-0.003127123,0.987728865
ENSG00000138767,-0.002114855,0.98773866
ENSG00000177192,-0.003224293,0.987753459
ENSG00000064687,-0.003858566,0.987775158
ENSG00000143222,-0.003103903,0.987801753
ENSG00000155252,-0.002519594,0.987915371
ENSG00000145649,0.007526394,0.987942312
ENSG00000185442,-0.008485678,0.988019476
ENSG00000172534,0.003783318,0.988026578
ENSG00000112659,0.002674167,0.988028893
ENSG00000167986,0.005215537,0.988087987
ENSG00000156381,0.007542387,0.988217862
ENSG00000113263,0.002925122,0.988271852
ENSG00000134489,0.007428053,0.988442818
ENSG00000151532,-0.00183333,0.988443377
ENSG00000164494,0.00224204,0.988528974
ENSG00000186566,0.001975192,0.988541449
ENSG00000119969,-0.003581867,0.988549611
ENSG00000137876,-0.005422121,0.988568326
ENSG00000105617,-0.002244611,0.988612011
ENSG00000112796,0.005501642,0.988705754
ENSG00000112699,-0.002835896,0.988835745
ENSG00000166311,-0.002072614,0.988867383
ENSG00000108588,-0.00133784,0.988877625
ENSG00000166394,-0.004815705,0.98890391
ENSG00000092201,-0.001548204,0.988911824
ENSG00000121579,-0.001907094,0.988918419
ENSG00000135317,0.001912137,0.98902472
ENSG00000171984,0.003787224,0.989033954
ENSG00000196976,-0.002995088,0.989051808
ENSG00000162976,-0.002511584,0.989072887
ENSG00000204396,0.007492096,0.989234022
ENSG00000171469,0.001862424,0.989236392
ENSG00000072415,-0.001794928,0.989368057
ENSG00000196230,-0.001580605,0.989424869
ENSG00000148303,-0.003169748,0.98943838
ENSG00000164967,0.002497197,0.989444807
ENSG00000243364,0.003158175,0.989459806
ENSG00000160062,0.006537488,0.989463111
ENSG00000143545,0.007414966,0.989464307
ENSG00000139746,-0.001648039,0.989534784
ENSG00000103035,0.001779563,0.989602821
ENSG00000141034,-0.005214805,0.989621983
ENSG00000113810,0.001793877,0.989661342
ENSG00000116663,-0.003387065,0.989668105
ENSG00000166250,-0.003889372,0.989733242
ENSG00000145029,-0.003771363,0.98973486
ENSG00000158006,-0.002479308,0.989778763
ENSG00000173598,0.00399807,0.989940157
ENSG00000086504,0.001891472,0.990012054
ENSG00000213366,-0.00700601,0.990031307
ENSG00000171148,0.001349135,0.990103467
ENSG00000154721,-0.004823025,0.990104538
ENSG00000083807,-0.00406766,0.990173723
ENSG00000259075,0.005570394,0.990343129
ENSG00000073605,0.003551894,0.990356791
ENSG00000114686,-0.002421132,0.990410733
ENSG00000033627,0.003244872,0.990632647
ENSG00000181847,0.004500691,0.990638866
ENSG00000095794,0.003646443,0.990698053
ENSG00000049247,-0.008500348,0.990734997
ENSG00000242247,0.0014552,0.990761062
ENSG00000094631,-0.001969088,0.990799038
ENSG00000122390,-0.001461774,0.990868774
ENSG00000108639,-0.001769088,0.990870656
ENSG00000092529,0.002633385,0.990938652
ENSG00000179010,-0.002297016,0.990957683
ENSG00000186205,-0.004839347,0.991122904
ENSG00000095906,0.00159214,0.991136613
ENSG00000285868,-0.003294031,0.991169211
ENSG00000173275,0.002030742,0.991199104
ENSG00000241973,0.001686845,0.991261531
ENSG00000265118,-0.012936548,0.991337453
ENSG00000139405,0.001886856,0.991427903
ENSG00000035720,0.004565614,0.99144748
ENSG00000139726,0.001550227,0.991518307
ENSG00000104490,-0.003309588,0.991582485
ENSG00000177606,-0.002233604,0.991638773
ENSG00000176024,-0.002094247,0.991721055
ENSG00000174177,-0.002505156,0.991755021
ENSG00000177683,0.002106243,0.991777662
ENSG00000106733,0.002242739,0.991793579
ENSG00000121413,-0.005473446,0.99181786
ENSG00000166405,0.004141826,0.991823625
ENSG00000010017,0.001888373,0.991880408
ENSG00000111144,0.00198267,0.991894962
ENSG00000115685,-0.001284673,0.992098474
ENSG00000187097,-0.002930383,0.992358118
ENSG00000144161,0.001620337,0.992444709
ENSG00000131504,-0.001774979,0.992475063
ENSG00000204681,-0.00316144,0.992632744
ENSG00000166130,0.002550182,0.99266164
ENSG00000118298,0.004736264,0.992705304
ENSG00000104886,-0.001188326,0.992728844
ENSG00000136933,0.00181976,0.992758185
ENSG00000163686,0.001999528,0.992843426
ENSG00000108423,-0.001455548,0.992927881
ENSG00000013619,0.004465234,0.992949967
ENSG00000169155,-0.00098748,0.99302427
ENSG00000175931,0.005613799,0.993034333
ENSG00000275740,-0.002348207,0.993082261
ENSG00000149499,0.001502346,0.993096396
ENSG00000136205,0.001950093,0.993105121
ENSG00000105186,0.000890281,0.993130837
ENSG00000183741,-0.000810071,0.993253962
ENSG00000063177,0.001802919,0.993317468
ENSG00000126453,-0.002171421,0.993336996
ENSG00000196653,0.003354769,0.993453842
ENSG00000167513,-0.002806345,0.993568474
ENSG00000091844,0.002306702,0.993577951
ENSG00000057294,0.004202046,0.993590157
ENSG00000185650,-0.002107192,0.993636386
ENSG00000160013,-0.001980047,0.993659164
ENSG00000166997,0.001481628,0.993674262
ENSG00000168159,0.002987922,0.993787939
ENSG00000064651,-0.001378553,0.9938051
ENSG00000258659,0.00143814,0.993850148
ENSG00000204392,0.001788608,0.993898971
ENSG00000130943,-0.003007954,0.993922667
ENSG00000141279,-0.001496563,0.993940217
ENSG00000170265,-0.000965208,0.993941561
ENSG00000176101,-0.001189884,0.993994957
ENSG00000111405,-0.002801752,0.994007917
ENSG00000182196,0.001259011,0.994011969
ENSG00000073803,-0.001170365,0.994154975
ENSG00000147164,-0.000782813,0.99417645
ENSG00000186446,0.002276714,0.994217286
ENSG00000183647,-0.001781842,0.994235698
ENSG00000120029,-0.000782893,0.994363844
ENSG00000165630,-0.000928056,0.994369912
ENSG00000185800,0.001812801,0.99456654
ENSG00000169398,0.001964514,0.994622406
ENSG00000185339,-0.003049898,0.994661758
ENSG00000118432,0.004677497,0.994708976
ENSG00000120686,0.001143696,0.994760778
ENSG00000157538,-0.00048933,0.994762295
ENSG00000229474,-0.003141101,0.994785077
ENSG00000109667,-0.001468214,0.994787392
ENSG00000142166,0.00167722,0.994808878
ENSG00000135108,0.000860553,0.994811405
ENSG00000034533,0.000958992,0.9948551
ENSG00000133313,-0.000835195,0.994882285
ENSG00000182141,-0.001479601,0.994942613
ENSG00000168214,-0.00136055,0.995044375
ENSG00000185101,-0.002126685,0.995094446
ENSG00000188234,0.001441451,0.995106092
ENSG00000178177,-0.001029298,0.995126278
ENSG00000213551,0.001126766,0.995190703
ENSG00000121766,-0.001259481,0.995194849
ENSG00000076604,-0.001364898,0.99522466
ENSG00000142945,0.003810511,0.995510379
ENSG00000106993,0.001073819,0.995588955
ENSG00000107882,0.001017149,0.995626633
ENSG00000204516,0.001262508,0.995759888
ENSG00000267216,-0.001208484,0.995788252
ENSG00000228278,-0.006612146,0.99583658
ENSG00000158555,0.001993697,0.995840473
ENSG00000173801,-0.001857318,0.996022795
ENSG00000188107,-0.000903119,0.996040683
ENSG00000163820,0.0010963,0.996059333
ENSG00000115145,-0.000647566,0.996102418
ENSG00000140379,-0.001860998,0.996164226
ENSG00000095585,0.001785796,0.996195908
ENSG00000147419,0.001064848,0.996203643
ENSG00000115339,0.000869081,0.996212308
ENSG00000167657,-0.000630428,0.996264371
ENSG00000275553,0.003372379,0.996362303
ENSG00000146555,-0.004045004,0.996389724
ENSG00000086589,0.000483846,0.996410345
ENSG00000181274,0.001636048,0.996475829
ENSG00000188452,0.000940559,0.996592283
ENSG00000186665,0.002078804,0.99662344
ENSG00000086619,0.000654895,0.996771619
ENSG00000010322,0.000446298,0.996827371
ENSG00000023909,0.000785922,0.996851449
ENSG00000185418,0.000669346,0.996864629
ENSG00000123130,0.000693306,0.996895291
ENSG00000153814,-0.001395028,0.996978954
ENSG00000107249,-0.002451857,0.997023689
ENSG00000149929,-0.001043241,0.997073014
ENSG00000164440,-0.00112321,0.997109946
ENSG00000100376,0.001180731,0.997167737
ENSG00000166035,-0.002341393,0.997183383
ENSG00000079337,-0.001170736,0.997421967
ENSG00000124107,0.002196105,0.997443407
ENSG00000229117,-0.000910865,0.997479185
ENSG00000197256,0.002258906,0.997508552
ENSG00000101160,-0.000662828,0.997660841
ENSG00000169019,-0.00087778,0.997766713
ENSG00000275835,-0.00046925,0.997797158
ENSG00000100522,0.000515349,0.99781293
ENSG00000023892,0.000229209,0.997830123
ENSG00000285437,0.000795943,0.997868368
ENSG00000127184,0.00083541,0.997873092
ENSG00000115211,0.000398133,0.997920421
ENSG00000164167,0.000514219,0.997961183
ENSG00000137574,-0.000345428,0.99799976
ENSG00000147036,-0.001006691,0.998046519
ENSG00000168350,-0.00051894,0.998134938
ENSG00000158163,0.001743354,0.998151164
ENSG00000173486,-0.000484879,0.998236838
ENSG00000124602,0.000881916,0.998278577
ENSG00000170473,0.00041172,0.998319334
ENSG00000005486,0.000293366,0.998387456
ENSG00000074706,0.0001962,0.998476003
ENSG00000164626,-0.001194087,0.998480283
ENSG00000168259,-0.000181779,0.9986389
ENSG00000257017,-0.00081897,0.998699832
ENSG00000196396,0.00013061,0.99882941
ENSG00000153558,-0.00045337,0.998835418
ENSG00000166454,-0.00018976,0.998853579
ENSG00000174600,0.000619927,0.998912504
ENSG00000178802,0.000226161,0.99892641
ENSG00000183092,0.001292411,0.999090318
ENSG00000125864,-0.00051776,0.99924978
ENSG00000197608,0.00028683,0.999260281
ENSG00000138399,-0.000148546,0.999292454
ENSG00000242110,-0.000250416,0.999293875
ENSG00000149289,0.000292774,0.99932813
ENSG00000119772,0.000187129,0.999334824
ENSG00000109689,-0.00010561,0.999440733
ENSG00000113555,-9.34E-05,0.999498879
ENSG00000125384,-0.0001661,0.999531711
ENSG00000185262,-0.000158217,0.999569122
ENSG00000100079,-0.000388578,0.99960438
ENSG00000103249,8.49E-05,0.999638723
ENSG00000139826,-4.63E-05,0.999764221
ENSG00000163126,1.94E-05,0.999947983